10 levels of encoding.
IT 
Gates: Error 
 Levels  X Y Z S T H SWAP CNOT CZ CP G2 G6 ZENO 
0 0.000000 0.000000 0.000000 0.000000 0.000000 0.000000 0.000000 0.000000 0.000000 -1.000000 0.000000 0.000000 0.000000 
1 0.000000 0.000000 0.000000 0.000001 0.000001 0.000001 0.000001 0.000001 0.000001 -1.000000 0.000003 0.000003 0.000003 
2 0.000000 0.000000 0.000000 0.998199 0.998199 0.000012 0.000015 0.000013 0.000025 -1.000000 0.999997 0.999997 0.999997 
3 -0.000000 -0.000000 -0.000000 1.000000 1.000000 0.000248 0.000325 0.000279 0.000526 -1.000000 1.000000 1.000000 1.000000 
4 0.000000 0.000000 0.000000 0.006866 0.006897 0.005147 0.006808 0.005930 0.011046 -1.000000 0.024579 0.024579 0.031220 
5 -0.000000 -0.000000 -0.000000 0.154986 0.164466 0.149123 0.136181 0.147611 0.274721 -1.000000 0.482116 0.482116 0.552642 
6 0.000000 0.000000 0.000000 0.999116 0.999746 0.977532 0.976926 0.999279 0.999984 -1.000000 1.000000 1.000000 1.000000 
7 0.000000 0.000000 0.000000 1.000000 1.000000 1.000000 1.000000 1.000000 1.000000 -1.000000 1.000000 1.000000 1.000000 
8 0.000000 0.000000 0.000000 1.000000 1.000000 1.000000 1.000000 1.000000 1.000000 -1.000000 1.000000 1.000000 1.000000 
9 -0.000000 -0.000000 -0.000000 1.000000 1.000000 1.000000 1.000000 1.000000 1.000000 -1.000000 1.000000 1.000000 1.000000 
10 -0.000000 -0.000000 -0.000000 1.000000 1.000000 1.000000 1.000000 1.000000 1.000000 -1.000000 1.000000 1.000000 1.000000 

Gates: Time in ns 
 Levels  X Y Z S T H SWAP CNOT CZ G2 G6 ZENO 
0 5000 5000 3000 2000 1000 6000 10000 120000 110000 -1 107000 123000 0 
1 5000 5000 3000 332000 562000 46000 70000 200000 212000 -1 544000 544000 554000 
2 5000 5000 3000 1052000 1422000 326000 490000 760000 852000 -1 1904000 1904000 1974000 
3 5000 5000 3000 6092000 7442000 2286000 3430000 4680000 5332000 -1 11424000 11424000 11914000 
4 5000 5000 3000 41372000 49582000 16006000 24010000 32120000 36692000 -1 78064000 78064000 81494000 
5 5000 5000 3000 288332000 344562000 112046000 168070000 224200000 256212000 -1 544544000 544544000 568554000 
6 5000 5000 3000 2017052000 2409422000 784326000 1176490000 1568760000 1792852000 -1 3809904000 3809904000 3977974000 
7 5000 5000 3000 14118092000 16863442000 5490286000 8235430000 10980680000 12549332000 -1 26667424000 26667424000 27843914000 
8 5000 5000 3000 98825372000 118041582000 38432006000 57648010000 76864120000 87844692000 -1 186670064000 186670064000 194905494000 
9 5000 5000 3000 691776332000 826288562000 269024046000 403536070000 538048200000 614912212000 -1 1306688544000 1306688544000 1364336554000 
10 5000 5000 3000 4842433052000 5784017422000 1883168326000 2824752490000 3766336760000 4304384852000 -1 9146817904000 9146817904000 9550353974000 

Rx: Error
Levels 0 1 2 3 4 5 6 7 
0 0.000000 0.000000 0.000000 0.000000 0.000000 0.000000 0.000000 
1 0.000001 0.000001 0.000001 0.000000 0.000001 0.000001 0.000001 
2 0.998199 0.998199 0.998199 0.000000 0.998199 0.998199 0.998199 
3 1.000000 1.000000 1.000000 -0.000000 1.000000 1.000000 1.000000 
4 0.012008 0.011977 0.012008 0.000000 0.012008 0.011977 0.012008 
5 0.289064 0.280997 0.289064 -0.000000 0.289064 0.280997 0.289064 
6 0.999994 0.999980 0.999994 0.000000 0.999994 0.999980 0.999994 
7 1.000000 1.000000 1.000000 0.000000 1.000000 1.000000 1.000000 
8 1.000000 1.000000 1.000000 0.000000 1.000000 1.000000 1.000000 
9 1.000000 1.000000 1.000000 -0.000000 1.000000 1.000000 1.000000 
10 1.000000 1.000000 1.000000 -0.000000 1.000000 1.000000 1.000000 

Rx: Time
Levels 0 1 2 3 4 5 6 7 
0 5000 5000 5000 5000 5000 5000 5000 
1 654000 424000 657000 5000 657000 424000 654000 
2 2074000 1704000 2077000 5000 2077000 1704000 2074000 
3 12014000 10664000 12017000 5000 12017000 10664000 12014000 
4 81594000 73384000 81597000 5000 81597000 73384000 81594000 
5 568654000 512424000 568657000 5000 568657000 512424000 568654000 
6 3978074000 3585704000 3978077000 5000 3978077000 3585704000 3978074000 
7 27844014000 25098664000 27844017000 5000 27844017000 25098664000 27844014000 
8 194905594000 175689384000 194905597000 5000 194905597000 175689384000 194905594000 
9 1364336654000 1229824424000 1364336657000 5000 1364336657000 1229824424000 1364336654000 
10 9550354074000 8608769704000 9550354077000 5000 9550354077000 8608769704000 9550354074000 

Ry: Error
Levels 0 1 2 3 4 5 6 7 
0 0.000000 0.000000 0.000000 0.000000 0.000000 0.000000 0.000000 
1 0.000002 0.000001 0.000002 0.000000 0.000002 0.000001 0.000002 
2 0.999997 0.000012 0.999997 0.000000 0.999997 0.000012 0.999997 
3 1.000000 0.000248 1.000000 -0.000000 1.000000 0.000248 1.000000 
4 0.018791 0.005147 0.018791 0.000000 0.018791 0.005147 0.018791 
5 0.399249 0.149123 0.399249 -0.000000 0.399249 0.149123 0.399249 
6 1.000000 0.977532 1.000000 0.000000 1.000000 0.977532 1.000000 
7 1.000000 1.000000 1.000000 0.000000 1.000000 1.000000 1.000000 
8 1.000000 1.000000 1.000000 0.000000 1.000000 1.000000 1.000000 
9 1.000000 1.000000 1.000000 -0.000000 1.000000 1.000000 1.000000 
10 1.000000 1.000000 1.000000 -0.000000 1.000000 1.000000 1.000000 

Ry: Time
Levels 0 1 2 3 4 5 6 7 
0 5000 5000 5000 5000 5000 5000 5000 
1 1318000 49000 1321000 8000 1321000 49000 1318000 
2 4178000 329000 4181000 8000 4181000 329000 4178000 
3 24198000 2289000 24201000 8000 24201000 2289000 24198000 
4 164338000 16009000 164341000 8000 164341000 16009000 164338000 
5 1145318000 112049000 1145321000 8000 1145321000 112049000 1145318000 
6 8012178000 784329000 8012181000 8000 8012181000 784329000 8012178000 
7 56080198000 5490289000 56080201000 8000 56080201000 5490289000 56080198000 
8 392556338000 38432009000 392556341000 8000 392556341000 38432009000 392556338000 
9 2747889318000 269024049000 2747889321000 8000 2747889321000 269024049000 2747889318000 
10 19235220178000 1883168329000 19235220181000 8000 19235220181000 1883168329000 19235220178000 

Rz: Error
Levels 0 1 2 3 4 5 6 7 
0 0.000000 0.000000 0.000000 0.000000 0.000000 0.000000 0.000000 
1 0.000001 0.000001 0.000001 0.000000 0.000001 0.000001 0.000001 
2 0.998199 0.998199 0.998199 0.000000 0.998199 0.998199 0.998199 
3 1.000000 1.000000 1.000000 -0.000000 1.000000 1.000000 1.000000 
4 0.006897 0.006866 0.006897 0.000000 0.006897 0.006866 0.006897 
5 0.164466 0.154986 0.164466 -0.000000 0.164466 0.154986 0.164466 
6 0.999746 0.999116 0.999746 0.000000 0.999746 0.999116 0.999746 
7 1.000000 1.000000 1.000000 0.000000 1.000000 1.000000 1.000000 
8 1.000000 1.000000 1.000000 0.000000 1.000000 1.000000 1.000000 
9 1.000000 1.000000 1.000000 -0.000000 1.000000 1.000000 1.000000 
10 1.000000 1.000000 1.000000 -0.000000 1.000000 1.000000 1.000000 

Rz: Time
Levels 0 1 2 3 4 5 6 7 
0 3000 3000 3000 3000 3000 3000 3000 
1 562000 332000 565000 3000 565000 332000 562000 
2 1422000 1052000 1425000 3000 1425000 1052000 1422000 
3 7442000 6092000 7445000 3000 7445000 6092000 7442000 
4 49582000 41372000 49585000 3000 49585000 41372000 49582000 
5 344562000 288332000 344565000 3000 344565000 288332000 344562000 
6 2409422000 2017052000 2409425000 3000 2409425000 2017052000 2409422000 
7 16863442000 14118092000 16863445000 3000 16863445000 14118092000 16863442000 
8 118041582000 98825372000 118041585000 3000 118041585000 98825372000 118041582000 
9 826288562000 691776332000 826288565000 3000 826288565000 691776332000 826288562000 
10 5784017422000 4842433052000 5784017425000 3000 5784017425000 4842433052000 5784017422000 
