10 levels of encoding.
LP 
Gates: Error 
 Levels  X Y Z S T H SWAP CNOT CZ CP G2 G6 ZENO 
0 0.101000 0.101000 0.101000 0.101000 0.101000 0.101000 0.101000 0.101000 0.101000 0.412783 0.273427 0.273427 0.346811 
1 0.228607 0.228607 0.228607 0.994925 0.999006 0.862295 0.930048 0.992604 0.998981 -1.000000 1.000000 1.000000 1.000000 
2 0.645335 0.645335 0.645335 1.000000 1.000000 1.000000 1.000000 1.000000 1.000000 -1.000000 1.000000 1.000000 1.000000 
3 0.998457 0.998457 0.998457 1.000000 1.000000 1.000000 1.000000 1.000000 1.000000 -1.000000 1.000000 1.000000 1.000000 
4 1.000000 1.000000 1.000000 1.000000 1.000000 1.000000 1.000000 1.000000 1.000000 -1.000000 1.000000 1.000000 1.000000 
5 1.000000 1.000000 1.000000 1.000000 1.000000 1.000000 1.000000 1.000000 1.000000 -1.000000 1.000000 1.000000 1.000000 
6 1.000000 1.000000 1.000000 1.000000 1.000000 1.000000 1.000000 1.000000 1.000000 -1.000000 1.000000 1.000000 1.000000 
7 1.000000 1.000000 1.000000 1.000000 1.000000 1.000000 1.000000 1.000000 1.000000 -1.000000 1.000000 1.000000 1.000000 
8 1.000000 1.000000 1.000000 1.000000 1.000000 1.000000 1.000000 1.000000 1.000000 -1.000000 1.000000 1.000000 1.000000 
9 1.000000 1.000000 1.000000 1.000000 1.000000 1.000000 1.000000 1.000000 1.000000 -1.000000 1.000000 1.000000 1.000000 
10 1.000000 1.000000 1.000000 1.000000 1.000000 1.000000 1.000000 1.000000 1.000000 -1.000000 1.000000 1.000000 1.000000 

Gates: Time in ns 
 Levels  X Y Z S T H SWAP CNOT CZ G2 G6 ZENO 
0 1 1 1 1 1 1 10 10 10 -1 21 21 0 
1 1 1 1 102 123 41 70 90 92 -1 194 194 204 
2 1 1 1 822 983 321 490 650 732 -1 1554 1554 1624 
3 1 1 1 5862 7003 2281 3430 4570 5212 -1 11074 11074 11564 
4 1 1 1 41142 49143 16001 24010 32010 36572 -1 77714 77714 81144 
5 1 1 1 288102 344123 112041 168070 224090 256092 -1 544194 544194 568204 
6 1 1 1 2016822 2408983 784321 1176490 1568650 1792732 -1 3809554 3809554 3977624 
7 1 1 1 14117862 16863003 5490281 8235430 10980570 12549212 -1 26667074 26667074 27843564 
8 1 1 1 98825142 118041143 38432001 57648010 76864010 87844572 -1 186669714 186669714 194905144 
9 1 1 1 691776102 826288123 269024041 403536070 538048090 614912092 -1 1306688194 1306688194 1364336204 
10 1 1 1 4842432822 5784016983 1883168321 2824752490 3766336650 4304384732 -1 9146817554 9146817554 9550353624 

Rx: Error
Levels 0 1 2 3 4 5 6 7 
0 0.101000 0.101000 0.101000 0.101000 0.101000 0.101000 0.101000 
1 0.999863 0.999301 0.999894 0.228607 0.999894 0.999301 0.999863 
2 1.000000 1.000000 1.000000 0.645335 1.000000 1.000000 1.000000 
3 1.000000 1.000000 1.000000 0.998457 1.000000 1.000000 1.000000 
4 1.000000 1.000000 1.000000 1.000000 1.000000 1.000000 1.000000 
5 1.000000 1.000000 1.000000 1.000000 1.000000 1.000000 1.000000 
6 1.000000 1.000000 1.000000 1.000000 1.000000 1.000000 1.000000 
7 1.000000 1.000000 1.000000 1.000000 1.000000 1.000000 1.000000 
8 1.000000 1.000000 1.000000 1.000000 1.000000 1.000000 1.000000 
9 1.000000 1.000000 1.000000 1.000000 1.000000 1.000000 1.000000 
10 1.000000 1.000000 1.000000 1.000000 1.000000 1.000000 1.000000 

Rx: Time
Levels 0 1 2 3 4 5 6 7 
0 1 1 1 1 1 1 1 
1 205 184 206 1 206 184 205 
2 1625 1464 1626 1 1626 1464 1625 
3 11565 10424 11566 1 11566 10424 11565 
4 81145 73144 81146 1 81146 73144 81145 
5 568205 512184 568206 1 568206 512184 568205 
6 3977625 3585464 3977626 1 3977626 3585464 3977625 
7 27843565 25098424 27843566 1 27843566 25098424 27843565 
8 194905145 175689144 194905146 1 194905146 175689144 194905145 
9 1364336205 1229824184 1364336206 1 1364336206 1229824184 1364336205 
10 9550353625 8608769464 9550353626 1 9550353626 8608769464 9550353625 

Ry: Error
Levels 0 1 2 3 4 5 6 7 
0 0.101000 0.101000 0.101000 0.101000 0.101000 0.101000 0.101000 
1 0.999999 0.893775 0.999999 0.404952 0.999999 0.893775 0.999999 
2 1.000000 1.000000 1.000000 0.874213 1.000000 1.000000 1.000000 
3 1.000000 1.000000 1.000000 0.999998 1.000000 1.000000 1.000000 
4 1.000000 1.000000 1.000000 1.000000 1.000000 1.000000 1.000000 
5 1.000000 1.000000 1.000000 1.000000 1.000000 1.000000 1.000000 
6 1.000000 1.000000 1.000000 1.000000 1.000000 1.000000 1.000000 
7 1.000000 1.000000 1.000000 1.000000 1.000000 1.000000 1.000000 
8 1.000000 1.000000 1.000000 1.000000 1.000000 1.000000 1.000000 
9 1.000000 1.000000 1.000000 1.000000 1.000000 1.000000 1.000000 
10 1.000000 1.000000 1.000000 1.000000 1.000000 1.000000 1.000000 

Ry: Time
Levels 0 1 2 3 4 5 6 7 
0 1 1 1 1 1 1 1 
1 409 42 410 2 410 42 409 
2 3269 322 3270 2 3270 322 3269 
3 23289 2282 23290 2 23290 2282 23289 
4 163429 16002 163430 2 163430 16002 163429 
5 1144409 112042 1144410 2 1144410 112042 1144409 
6 8011269 784322 8011270 2 8011270 784322 8011269 
7 56079289 5490282 56079290 2 56079290 5490282 56079289 
8 392555429 38432002 392555430 2 392555430 38432002 392555429 
9 2747888409 269024042 2747888410 2 2747888410 269024042 2747888409 
10 19235219269 1883168322 19235219270 2 19235219270 1883168322 19235219269 

Rz: Error
Levels 0 1 2 3 4 5 6 7 
0 0.101000 0.101000 0.101000 0.101000 0.101000 0.101000 0.101000 
1 0.999006 0.994925 0.999234 0.228607 0.999234 0.994925 0.999006 
2 1.000000 1.000000 1.000000 0.645335 1.000000 1.000000 1.000000 
3 1.000000 1.000000 1.000000 0.998457 1.000000 1.000000 1.000000 
4 1.000000 1.000000 1.000000 1.000000 1.000000 1.000000 1.000000 
5 1.000000 1.000000 1.000000 1.000000 1.000000 1.000000 1.000000 
6 1.000000 1.000000 1.000000 1.000000 1.000000 1.000000 1.000000 
7 1.000000 1.000000 1.000000 1.000000 1.000000 1.000000 1.000000 
8 1.000000 1.000000 1.000000 1.000000 1.000000 1.000000 1.000000 
9 1.000000 1.000000 1.000000 1.000000 1.000000 1.000000 1.000000 
10 1.000000 1.000000 1.000000 1.000000 1.000000 1.000000 1.000000 

Rz: Time
Levels 0 1 2 3 4 5 6 7 
0 1 1 1 1 1 1 1 
1 123 102 124 1 124 102 123 
2 983 822 984 1 984 822 983 
3 7003 5862 7004 1 7004 5862 7003 
4 49143 41142 49144 1 49144 41142 49143 
5 344123 288102 344124 1 344124 288102 344123 
6 2408983 2016822 2408984 1 2408984 2016822 2408983 
7 16863003 14117862 16863004 1 16863004 14117862 16863003 
8 118041143 98825142 118041144 1 118041144 98825142 118041143 
9 826288123 691776102 826288124 1 826288124 691776102 826288123 
10 5784016983 4842432822 5784016984 1 5784016984 4842432822 5784016983 
