10 levels of encoding.
NLP 
Gates: Error 
Levels  X Y Z S T H SWAP CNOT CZ CP G2 G6 ZENO 
0 0.005200 0.005200 0.005200 0.005200 0.005200 0.005200 0.015519 0.005200 0.015519 0.025731 0.015519 0.015519 0.040851 
1 0.000950 0.000950 0.000950 0.383896 0.407721 0.222624 0.290286 0.337988 0.485368 -1.000000 0.804654 0.804654 0.861360 
2 0.000032 0.000032 0.000032 1.000000 1.000000 0.997915 0.999928 1.000000 1.000000 -1.000000 1.000000 1.000000 1.000000 
3 0.000000 0.000000 0.000000 1.000000 1.000000 1.000000 1.000000 1.000000 1.000000 -1.000000 1.000000 1.000000 1.000000 
4 0.000000 0.000000 0.000000 1.000000 1.000000 1.000000 1.000000 1.000000 1.000000 -1.000000 1.000000 1.000000 1.000000 
5 -0.000000 -0.000000 -0.000000 1.000000 1.000000 1.000000 1.000000 1.000000 1.000000 -1.000000 1.000000 1.000000 1.000000 
6 0.000000 0.000000 0.000000 1.000000 1.000000 1.000000 1.000000 1.000000 1.000000 -1.000000 1.000000 1.000000 1.000000 
7 0.000000 0.000000 0.000000 1.000000 1.000000 1.000000 1.000000 1.000000 1.000000 -1.000000 1.000000 1.000000 1.000000 
8 -0.000000 -0.000000 -0.000000 1.000000 1.000000 1.000000 1.000000 1.000000 1.000000 -1.000000 1.000000 1.000000 1.000000 
9 -0.000000 -0.000000 -0.000000 1.000000 1.000000 1.000000 1.000000 1.000000 1.000000 -1.000000 1.000000 1.000000 1.000000 
10 0.000000 0.000000 0.000000 1.000000 1.000000 1.000000 1.000000 1.000000 1.000000 -1.000000 1.000000 1.000000 1.000000 

Gates: Time in ns 
Levels  X Y Z S T H SWAP CNOT CZ G2 G6 ZENO 
0 1 1 1 1 1 1 36 12 14 -1 25 51 0 
1 1 1 1 314 412 145 252 300 302 -1 616 616 652 
2 1 1 1 2906 3508 1153 1764 2316 2606 -1 5512 5512 5764 
3 1 1 1 21050 25180 8209 12348 16428 18734 -1 39784 39784 41548 
4 1 1 1 148058 176884 57601 86436 115212 131630 -1 279688 279688 292036 
5 1 1 1 1037114 1238812 403345 605052 806700 921902 -1 1959016 1959016 2045452 
6 1 1 1 7260506 8672308 2823553 4235364 5647116 6453806 -1 13714312 13714312 14319364 
7 1 1 1 50824250 60706780 19765009 29647548 39530028 45177134 -1 96001384 96001384 100236748 
8 1 1 1 355770458 424948084 138355201 207532836 276710412 316240430 -1 672010888 672010888 701658436 
9 1 1 1 2490393914 2974637212 968486545 1452729852 1936973100 2213683502 -1 4704077416 4704077416 4911610252 
10 1 1 1 17432758106 20822461108 6779405953 10169108964 13558811916 15495785006 -1 32928543112 32928543112 34381272964 

Rx: Error
Levels 0 1 2 3 4 5 6 7 
0 0.005200 0.005200 0.005200 0.005200 0.005200 0.005200 0.005200 
1 0.539577 0.521055 0.540014 0.000950 0.540014 0.521055 0.539577 
2 1.000000 1.000000 1.000000 0.000032 1.000000 1.000000 1.000000 
3 1.000000 1.000000 1.000000 0.000000 1.000000 1.000000 1.000000 
4 1.000000 1.000000 1.000000 0.000000 1.000000 1.000000 1.000000 
5 1.000000 1.000000 1.000000 -0.000000 1.000000 1.000000 1.000000 
6 1.000000 1.000000 1.000000 0.000000 1.000000 1.000000 1.000000 
7 1.000000 1.000000 1.000000 0.000000 1.000000 1.000000 1.000000 
8 1.000000 1.000000 1.000000 -0.000000 1.000000 1.000000 1.000000 
9 1.000000 1.000000 1.000000 -0.000000 1.000000 1.000000 1.000000 
10 1.000000 1.000000 1.000000 0.000000 1.000000 1.000000 1.000000 

Rx: Time
Levels 0 1 2 3 4 5 6 7 
0 1 1 1 1 1 1 1 
1 702 604 703 1 703 604 702 
2 5814 5212 5815 1 5815 5212 5814 
3 41598 37468 41599 1 41599 37468 41598 
4 292086 263260 292087 1 292087 263260 292086 
5 2045502 1843804 2045503 1 2045503 1843804 2045502 
6 14319414 12907612 14319415 1 14319415 12907612 14319414 
7 100236798 90354268 100236799 1 100236799 90354268 100236798 
8 701658486 632480860 701658487 1 701658487 632480860 701658486 
9 4911610302 4427367004 4911610303 1 4911610303 4427367004 4911610302 
10 34381273014 30991570012 34381273015 1 34381273015 30991570012 34381273014 

Ry: Error
Levels 0 1 2 3 4 5 6 7 
0 0.005200 0.005200 0.005200 0.005200 0.005200 0.005200 0.005200 
1 0.716331 0.223363 0.716601 0.001899 0.716601 0.223363 0.716331 
2 1.000000 0.997915 1.000000 0.000065 1.000000 0.997915 1.000000 
3 1.000000 1.000000 1.000000 0.000000 1.000000 1.000000 1.000000 
4 1.000000 1.000000 1.000000 0.000000 1.000000 1.000000 1.000000 
5 1.000000 1.000000 1.000000 -0.000000 1.000000 1.000000 1.000000 
6 1.000000 1.000000 1.000000 0.000000 1.000000 1.000000 1.000000 
7 1.000000 1.000000 1.000000 0.000000 1.000000 1.000000 1.000000 
8 1.000000 1.000000 1.000000 -0.000000 1.000000 1.000000 1.000000 
9 1.000000 1.000000 1.000000 -0.000000 1.000000 1.000000 1.000000 
10 1.000000 1.000000 1.000000 0.000000 1.000000 1.000000 1.000000 

Ry: Time
Levels 0 1 2 3 4 5 6 7 
0 1 1 1 1 1 1 1 
1 1330 146 1331 2 1331 146 1330 
2 11626 1154 11627 2 11627 1154 11626 
3 83698 8210 83699 2 83699 8210 83698 
4 588202 57602 588203 2 588203 57602 588202 
5 4119730 403346 4119731 2 4119731 403346 4119730 
6 28840426 2823554 28840427 2 28840427 2823554 28840426 
7 201885298 19765010 201885299 2 201885299 19765010 201885298 
8 1413199402 138355202 1413199403 2 1413199403 138355202 1413199402 
9 9892398130 968486546 9892398131 2 9892398131 968486546 9892398130 
10 69246789226 6779405954 69246789227 2 69246789227 6779405954 69246789226 

Rz: Error
Levels 0 1 2 3 4 5 6 7 
0 0.005200 0.005200 0.005200 0.005200 0.005200 0.005200 0.005200 
1 0.407721 0.383896 0.408283 0.000950 0.408283 0.383896 0.407721 
2 1.000000 1.000000 1.000000 0.000032 1.000000 1.000000 1.000000 
3 1.000000 1.000000 1.000000 0.000000 1.000000 1.000000 1.000000 
4 1.000000 1.000000 1.000000 0.000000 1.000000 1.000000 1.000000 
5 1.000000 1.000000 1.000000 -0.000000 1.000000 1.000000 1.000000 
6 1.000000 1.000000 1.000000 0.000000 1.000000 1.000000 1.000000 
7 1.000000 1.000000 1.000000 0.000000 1.000000 1.000000 1.000000 
8 1.000000 1.000000 1.000000 -0.000000 1.000000 1.000000 1.000000 
9 1.000000 1.000000 1.000000 -0.000000 1.000000 1.000000 1.000000 
10 1.000000 1.000000 1.000000 0.000000 1.000000 1.000000 1.000000 

Rz: Time
Levels 0 1 2 3 4 5 6 7 
0 1 1 1 1 1 1 1 
1 412 314 413 1 413 314 412 
2 3508 2906 3509 1 3509 2906 3508 
3 25180 21050 25181 1 25181 21050 25180 
4 176884 148058 176885 1 176885 148058 176884 
5 1238812 1037114 1238813 1 1238813 1037114 1238812 
6 8672308 7260506 8672309 1 8672309 7260506 8672308 
7 60706780 50824250 60706781 1 60706781 50824250 60706780 
8 424948084 355770458 424948085 1 424948085 355770458 424948084 
9 2974637212 2490393914 2974637213 1 2974637213 2490393914 2974637212 
10 20822461108 17432758106 20822461109 1 20822461109 17432758106 20822461108 
