10 levels of encoding.
NA 
Gates: Error 
 Levels  X Y Z S T H SWAP CNOT CZ CP G2 G6 ZENO 
0 0.008120 0.008120 0.008120 0.008120 0.008120 0.024163 0.070751 0.024163 0.008120 -1.000000 0.039946 0.039946 0.093204 
1 0.002285 0.002285 0.002285 0.910076 0.926419 0.696691 0.830087 0.939515 0.981654 -1.000000 0.999852 0.999852 0.999975 
2 0.000186 0.000186 0.000186 1.000000 1.000000 1.000000 1.000000 1.000000 1.000000 -1.000000 1.000000 1.000000 1.000000 
3 0.000001 0.000001 0.000001 1.000000 1.000000 1.000000 1.000000 1.000000 1.000000 -1.000000 1.000000 1.000000 1.000000 
4 0.000000 0.000000 0.000000 1.000000 1.000000 1.000000 1.000000 1.000000 1.000000 -1.000000 1.000000 1.000000 1.000000 
5 -0.000000 -0.000000 -0.000000 1.000000 1.000000 1.000000 1.000000 1.000000 1.000000 -1.000000 1.000000 1.000000 1.000000 
6 -0.000000 -0.000000 -0.000000 1.000000 1.000000 1.000000 1.000000 1.000000 1.000000 -1.000000 1.000000 1.000000 1.000000 
7 -0.000000 -0.000000 -0.000000 1.000000 1.000000 1.000000 1.000000 1.000000 1.000000 -1.000000 1.000000 1.000000 1.000000 
8 0.000000 0.000000 0.000000 1.000000 1.000000 1.000000 1.000000 1.000000 1.000000 -1.000000 1.000000 1.000000 1.000000 
9 0.000000 0.000000 0.000000 1.000000 1.000000 1.000000 1.000000 1.000000 1.000000 -1.000000 1.000000 1.000000 1.000000 
10 -0.000000 -0.000000 -0.000000 1.000000 1.000000 1.000000 1.000000 1.000000 1.000000 -1.000000 1.000000 1.000000 1.000000 

Gates: Time in ns 
 Levels  X Y Z S T H SWAP CNOT CZ G2 G6 ZENO 
0 457 457 915 915 915 781 7599 2533 1619 -1 4609 10133 0 
1 457 457 915 67420 157552 31177 53193 63325 64887 -1 132307 132307 139906 
2 457 457 915 614548 811066 243949 372351 488869 551223 -1 1165771 1165771 1218964 
3 457 457 915 4444444 5385664 1733353 2606457 3467677 3955575 -1 8400019 8400019 8772370 
4 457 457 915 31253716 37407850 12159181 18245199 24319333 27786039 -1 59039755 59039755 61646212 
5 457 457 915 218918620 261563152 85139977 127716393 170280925 194599287 -1 413517907 413517907 431763106 
6 457 457 915 1532572948 1830650266 596005549 894014751 1192012069 1362292023 -1 2894864971 2894864971 3022581364 
7 457 457 915 10728153244 12814260064 4172064553 6258103257 8344130077 9536141175 -1 20264294419 20264294419 21158309170 
8 457 457 915 75097215316 89699528650 29204477581 43806722799 58408956133 66753085239 -1 141850300555 141850300555 148108403812 
9 457 457 915 525680649820 627896408752 204431368777 306647059593 408862738525 467271693687 -1 992952343507 992952343507 1036759066306 
10 457 457 915 3679764691348 4395274569466 1431019607149 2146529417151 2862039215269 3270901952823 -1 6950666644171 6950666644171 7257313703764 

Rx: Error
Levels 0 1 2 3 4 5 6 7 
0 0.008120 0.008120 0.008120 0.008120 0.008120 0.008120 0.008120 
1 0.977682 0.972725 0.977733 0.002285 0.977733 0.972725 0.977682 
2 1.000000 1.000000 1.000000 0.000186 1.000000 1.000000 1.000000 
3 1.000000 1.000000 1.000000 0.000001 1.000000 1.000000 1.000000 
4 1.000000 1.000000 1.000000 0.000000 1.000000 1.000000 1.000000 
5 1.000000 1.000000 1.000000 -0.000000 1.000000 1.000000 1.000000 
6 1.000000 1.000000 1.000000 -0.000000 1.000000 1.000000 1.000000 
7 1.000000 1.000000 1.000000 -0.000000 1.000000 1.000000 1.000000 
8 1.000000 1.000000 1.000000 0.000000 1.000000 1.000000 1.000000 
9 1.000000 1.000000 1.000000 0.000000 1.000000 1.000000 1.000000 
10 1.000000 1.000000 1.000000 -0.000000 1.000000 1.000000 1.000000 

Rx: Time
Levels 0 1 2 3 4 5 6 7 
0 457 457 457 457 457 457 457 
1 219906 129774 220821 457 220821 129774 219906 
2 1298964 1102446 1299879 457 1299879 1102446 1298964 
3 8852370 7911150 8853285 457 8853285 7911150 8852370 
4 61726212 55572078 61727127 457 61727127 55572078 61726212 
5 431843106 389198574 431844021 457 431844021 389198574 431843106 
6 3022661364 2724584046 3022662279 457 3022662279 2724584046 3022661364 
7 21158389170 19072282350 21158390085 457 21158390085 19072282350 21158389170 
8 148108483812 133506170478 148108484727 457 148108484727 133506170478 148108483812 
9 1036759146306 934543387374 1036759147221 457 1036759147221 934543387374 1036759146306 
10 7257313783764 6541803905646 7257313784679 457 7257313784679 6541803905646 7257313783764 

Ry: Error
Levels 0 1 2 3 4 5 6 7 
0 0.008120 0.008120 0.008120 0.008120 0.008120 0.008120 0.008120 
1 0.997993 0.697385 0.997998 0.004565 0.997998 0.697385 0.997993 
2 1.000000 1.000000 1.000000 0.000372 1.000000 1.000000 1.000000 
3 1.000000 1.000000 1.000000 0.000002 1.000000 1.000000 1.000000 
4 1.000000 1.000000 1.000000 0.000000 1.000000 1.000000 1.000000 
5 1.000000 1.000000 1.000000 -0.000000 1.000000 1.000000 1.000000 
6 1.000000 1.000000 1.000000 -0.000000 1.000000 1.000000 1.000000 
7 1.000000 1.000000 1.000000 -0.000000 1.000000 1.000000 1.000000 
8 1.000000 1.000000 1.000000 0.000000 1.000000 1.000000 1.000000 
9 1.000000 1.000000 1.000000 0.000000 1.000000 1.000000 1.000000 
10 1.000000 1.000000 1.000000 -0.000000 1.000000 1.000000 1.000000 

Ry: Time
Levels 0 1 2 3 4 5 6 7 
0 457 457 457 457 457 457 457 
1 354746 32092 355661 1372 355661 32092 354746 
2 2528060 244864 2528975 1372 2528975 244864 2528060 
3 17741258 1734268 17742173 1372 17742173 1734268 17741258 
4 124233644 12160096 124234559 1372 124234559 12160096 124233644 
5 869680346 85140892 869681261 1372 869681261 85140892 869680346 
6 6087807260 596006464 6087808175 1372 6087808175 596006464 6087807260 
7 42614695658 4172065468 42614696573 1372 42614696573 4172065468 42614695658 
8 298302914444 29204478496 298302915359 1372 298302915359 29204478496 298302914444 
9 2088120445946 204431369692 2088120446861 1372 2088120446861 204431369692 2088120445946 
10 14616843166460 1431019608064 14616843167375 1372 14616843167375 1431019608064 14616843166460 

Rz: Error
Levels 0 1 2 3 4 5 6 7 
0 0.008120 0.008120 0.008120 0.008120 0.008120 0.008120 0.008120 
1 0.926419 0.910076 0.926587 0.002285 0.926587 0.910076 0.926419 
2 1.000000 1.000000 1.000000 0.000186 1.000000 1.000000 1.000000 
3 1.000000 1.000000 1.000000 0.000001 1.000000 1.000000 1.000000 
4 1.000000 1.000000 1.000000 0.000000 1.000000 1.000000 1.000000 
5 1.000000 1.000000 1.000000 -0.000000 1.000000 1.000000 1.000000 
6 1.000000 1.000000 1.000000 -0.000000 1.000000 1.000000 1.000000 
7 1.000000 1.000000 1.000000 -0.000000 1.000000 1.000000 1.000000 
8 1.000000 1.000000 1.000000 0.000000 1.000000 1.000000 1.000000 
9 1.000000 1.000000 1.000000 0.000000 1.000000 1.000000 1.000000 
10 1.000000 1.000000 1.000000 -0.000000 1.000000 1.000000 1.000000 

Rz: Time
Levels 0 1 2 3 4 5 6 7 
0 915 915 915 915 915 915 915 
1 157552 67420 158467 915 158467 67420 157552 
2 811066 614548 811981 915 811981 614548 811066 
3 5385664 4444444 5386579 915 5386579 4444444 5385664 
4 37407850 31253716 37408765 915 37408765 31253716 37407850 
5 261563152 218918620 261564067 915 261564067 218918620 261563152 
6 1830650266 1532572948 1830651181 915 1830651181 1532572948 1830650266 
7 12814260064 10728153244 12814260979 915 12814260979 10728153244 12814260064 
8 89699528650 75097215316 89699529565 915 89699529565 75097215316 89699528650 
9 627896408752 525680649820 627896409667 915 627896409667 525680649820 627896408752 
10 4395274569466 3679764691348 4395274570381 915 4395274570381 3679764691348 4395274569466 
