10 levels of encoding.
QD 
Gates: Error 
Levels  X Y Z S T H SWAP CNOT CZ CP G2 G6 ZENO 
0 0.989000 0.999879 0.989000 0.989000 0.989000 0.999999 1.000000 1.000000 0.989000 1.000000 1.000000 1.000000 1.000000 
1 1.000000 1.000000 1.000000 1.000000 1.000000 1.000000 1.000000 1.000000 1.000000 -1.000000 1.000000 1.000000 1.000000 
2 1.000000 1.000000 1.000000 1.000000 1.000000 1.000000 1.000000 1.000000 1.000000 -1.000000 1.000000 1.000000 1.000000 
3 1.000000 1.000000 1.000000 1.000000 1.000000 1.000000 1.000000 1.000000 1.000000 -1.000000 1.000000 1.000000 1.000000 
4 1.000000 1.000000 1.000000 1.000000 1.000000 1.000000 1.000000 1.000000 1.000000 -1.000000 1.000000 1.000000 1.000000 
5 1.000000 1.000000 1.000000 1.000000 1.000000 1.000000 1.000000 1.000000 1.000000 -1.000000 1.000000 1.000000 1.000000 
6 1.000000 1.000000 1.000000 1.000000 1.000000 1.000000 1.000000 1.000000 1.000000 -1.000000 1.000000 1.000000 1.000000 
7 1.000000 1.000000 1.000000 1.000000 1.000000 1.000000 1.000000 1.000000 1.000000 -1.000000 1.000000 1.000000 1.000000 
8 1.000000 1.000000 1.000000 1.000000 1.000000 1.000000 1.000000 1.000000 1.000000 -1.000000 1.000000 1.000000 1.000000 
9 1.000000 1.000000 1.000000 1.000000 1.000000 1.000000 1.000000 1.000000 1.000000 -1.000000 1.000000 1.000000 1.000000 
10 1.000000 1.000000 1.000000 1.000000 1.000000 1.000000 1.000000 1.000000 1.000000 -1.000000 1.000000 1.000000 1.000000 

Gates: Time in ns 
Levels  X Y Z S T H SWAP CNOT CZ G2 G6 ZENO 
0 10 11 1 1 1 12 81 27 23 60 71 97 0 
1 10 11 1 726 946 336 567 675 699 -1 1425 1425 1506 
2 10 11 1 6558 7912 2604 3969 5211 5883 -1 12441 12441 13008 
3 10 11 1 47382 56674 18480 27783 36963 42171 -1 89553 89553 93522 
4 10 11 1 333150 398008 129612 194481 259227 296187 -1 629337 629337 657120 
5 10 11 1 2333526 2787346 907536 1361367 1815075 2074299 -1 4407825 4407825 4602306 
6 10 11 1 16336158 19512712 6353004 9529569 12706011 14521083 -1 30857241 30857241 32218608 
7 10 11 1 114354582 136590274 44471280 66706983 88942563 101648571 -1 216003153 216003153 225532722 
8 10 11 1 800483550 956133208 311299212 466948881 622598427 711540987 -1 1512024537 1512024537 1578731520 
9 10 11 1 5603386326 6692933746 2179094736 3268642167 4358189475 4980787899 -1 10584174225 10584174225 11051123106 
10 10 11 1 39223705758 46850537512 15253663404 22880495169 30507326811 34865516283 -1 74089222041 74089222041 77357864208 

Rx: Error
Levels 0 1 2 3 4 5 6 7 
0 0.989000 0.989000 0.989000 0.989000 0.989000 0.989000 0.989000 
1 1.000000 1.000000 1.000000 1.000000 1.000000 1.000000 1.000000 
2 1.000000 1.000000 1.000000 1.000000 1.000000 1.000000 1.000000 
3 1.000000 1.000000 1.000000 1.000000 1.000000 1.000000 1.000000 
4 1.000000 1.000000 1.000000 1.000000 1.000000 1.000000 1.000000 
5 1.000000 1.000000 1.000000 1.000000 1.000000 1.000000 1.000000 
6 1.000000 1.000000 1.000000 1.000000 1.000000 1.000000 1.000000 
7 1.000000 1.000000 1.000000 1.000000 1.000000 1.000000 1.000000 
8 1.000000 1.000000 1.000000 1.000000 1.000000 1.000000 1.000000 
9 1.000000 1.000000 1.000000 1.000000 1.000000 1.000000 1.000000 
10 1.000000 1.000000 1.000000 1.000000 1.000000 1.000000 1.000000 

Rx: Time
Levels 0 1 2 3 4 5 6 7 
0 10 10 10 10 10 10 10 
1 1618 1398 1619 10 1619 1398 1618 
2 13120 11766 13121 10 13121 11766 13120 
3 93634 84342 93635 10 93635 84342 93634 
4 657232 592374 657233 10 657233 592374 657232 
5 4602418 4148598 4602419 10 4602419 4148598 4602418 
6 32218720 29042166 32218721 10 32218721 29042166 32218720 
7 225532834 203297142 225532835 10 225532835 203297142 225532834 
8 1578731632 1423081974 1578731633 10 1578731633 1423081974 1578731632 
9 11051123218 9961575798 11051123219 10 11051123219 9961575798 11051123218 
10 77357864320 69731032566 77357864321 10 77357864321 69731032566 77357864320 

Ry: Error
Levels 0 1 2 3 4 5 6 7 
0 0.999999 0.999999 0.999999 0.999999 0.999999 0.999999 0.999999 
1 1.000000 1.000000 1.000000 1.000000 1.000000 1.000000 1.000000 
2 1.000000 1.000000 1.000000 1.000000 1.000000 1.000000 1.000000 
3 1.000000 1.000000 1.000000 1.000000 1.000000 1.000000 1.000000 
4 1.000000 1.000000 1.000000 1.000000 1.000000 1.000000 1.000000 
5 1.000000 1.000000 1.000000 1.000000 1.000000 1.000000 1.000000 
6 1.000000 1.000000 1.000000 1.000000 1.000000 1.000000 1.000000 
7 1.000000 1.000000 1.000000 1.000000 1.000000 1.000000 1.000000 
8 1.000000 1.000000 1.000000 1.000000 1.000000 1.000000 1.000000 
9 1.000000 1.000000 1.000000 1.000000 1.000000 1.000000 1.000000 
10 1.000000 1.000000 1.000000 1.000000 1.000000 1.000000 1.000000 

Ry: Time
Levels 0 1 2 3 4 5 6 7 
0 12 12 12 12 12 12 12 
1 3070 337 3071 11 3071 337 3070 
2 26236 2605 26237 11 26237 2605 26236 
3 188398 18481 188399 11 188399 18481 188398 
4 1323532 129613 1323533 11 1323533 129613 1323532 
5 9269470 907537 9269471 11 9269471 907537 9269470 
6 64891036 6353005 64891037 11 64891037 6353005 64891036 
7 454241998 44471281 454241999 11 454241999 44471281 454241998 
8 3179698732 311299213 3179698733 11 3179698733 311299213 3179698732 
9 22257895870 2179094737 22257895871 11 22257895871 2179094737 22257895870 
10 155805275836 15253663405 155805275837 11 155805275837 15253663405 155805275836 

Rz: Error
Levels 0 1 2 3 4 5 6 7 
0 0.989000 0.989000 0.989000 0.989000 0.989000 0.989000 0.989000 
1 1.000000 1.000000 1.000000 1.000000 1.000000 1.000000 1.000000 
2 1.000000 1.000000 1.000000 1.000000 1.000000 1.000000 1.000000 
3 1.000000 1.000000 1.000000 1.000000 1.000000 1.000000 1.000000 
4 1.000000 1.000000 1.000000 1.000000 1.000000 1.000000 1.000000 
5 1.000000 1.000000 1.000000 1.000000 1.000000 1.000000 1.000000 
6 1.000000 1.000000 1.000000 1.000000 1.000000 1.000000 1.000000 
7 1.000000 1.000000 1.000000 1.000000 1.000000 1.000000 1.000000 
8 1.000000 1.000000 1.000000 1.000000 1.000000 1.000000 1.000000 
9 1.000000 1.000000 1.000000 1.000000 1.000000 1.000000 1.000000 
10 1.000000 1.000000 1.000000 1.000000 1.000000 1.000000 1.000000 

Rz: Time
Levels 0 1 2 3 4 5 6 7 
0 1 1 1 1 1 1 1 
1 946 726 947 1 947 726 946 
2 7912 6558 7913 1 7913 6558 7912 
3 56674 47382 56675 1 56675 47382 56674 
4 398008 333150 398009 1 398009 333150 398008 
5 2787346 2333526 2787347 1 2787347 2333526 2787346 
6 19512712 16336158 19512713 1 19512713 16336158 19512712 
7 136590274 114354582 136590275 1 136590275 114354582 136590274 
8 956133208 800483550 956133209 1 956133209 800483550 956133208 
9 6692933746 5603386326 6692933747 1 6692933747 5603386326 6692933746 
10 46850537512 39223705758 46850537513 1 46850537513 39223705758 46850537512 
