10 levels of encoding.
SC 
Gates: Error 
 Levels  X Y Z S T H SWAP CNOT CZ CP G2 G6 ZENO 
0 0.000010 0.000010 0.000010 0.000010 0.000010 0.000030 0.000010 0.000070 0.000010 0.000010 0.000030 0.000030 0.000040 
1 0.000000 0.000000 0.000000 0.000290 0.000300 0.000160 0.000210 0.000180 0.000341 -1.000000 0.000920 0.000920 0.001130 
2 0.000000 0.000000 0.000000 1.000000 1.000000 0.003310 0.004403 0.003814 0.007111 -1.000000 1.000000 1.000000 1.000000 
3 0.000000 0.000000 0.000000 0.098373 0.102928 0.109005 0.089642 0.091224 0.190285 -1.000000 0.341757 0.341757 0.400764 
4 0.000000 0.000000 0.000000 0.985307 0.992682 0.921246 0.901649 0.985552 0.998862 -1.000000 1.000000 1.000000 1.000000 
5 0.000000 0.000000 0.000000 1.000000 1.000000 1.000000 1.000000 1.000000 1.000000 -1.000000 1.000000 1.000000 1.000000 
6 0.000000 0.000000 0.000000 1.000000 1.000000 1.000000 1.000000 1.000000 1.000000 -1.000000 1.000000 1.000000 1.000000 
7 0.000000 0.000000 0.000000 1.000000 1.000000 1.000000 1.000000 1.000000 1.000000 -1.000000 1.000000 1.000000 1.000000 
8 -0.000000 -0.000000 -0.000000 1.000000 1.000000 1.000000 1.000000 1.000000 1.000000 -1.000000 1.000000 1.000000 1.000000 
9 0.000000 0.000000 0.000000 1.000000 1.000000 1.000000 1.000000 1.000000 1.000000 -1.000000 1.000000 1.000000 1.000000 
10 0.000000 0.000000 0.000000 1.000000 1.000000 1.000000 1.000000 1.000000 1.000000 -1.000000 1.000000 1.000000 1.000000 

Gates: Time in ns 
 Levels  X Y Z S T H SWAP CNOT CZ G2 G6 ZENO 
0 10 10 1 1 1 6 17 22 10 -1 -1 28 0 
1 10 10 1 192 241 74 119 158 170 -1 362 362 379 
2 10 10 1 1416 1703 550 833 1110 1258 -1 2674 2674 2793 
3 10 10 1 9984 11937 3882 5831 7774 8874 -1 18858 18858 19691 
4 10 10 1 69960 83575 27206 40817 54422 62186 -1 132146 132146 137977 
5 10 10 1 489792 585041 190474 285719 380958 435370 -1 925162 925162 965979 
6 10 10 1 3428616 4095303 1333350 2000033 2666710 3047658 -1 6476274 6476274 6761993 
7 10 10 1 24000384 28667137 9333482 14000231 18666974 21333674 -1 45334058 45334058 47334091 
8 10 10 1 168002760 200669975 65334406 98001617 130668822 149335786 -1 317338546 317338546 331338777 
9 10 10 1 1176019392 1404689841 457340874 686011319 914681758 1045350570 -1 2221369962 2221369962 2319371579 
10 10 10 1 8232135816 9832828903 3201386150 4802079233 6402772310 7317454058 -1 15549589874 15549589874 16235601193 

Rx: Error
Levels 0 1 2 3 4 5 6 7 
0 0.000010 0.000010 0.000010 0.000010 0.000010 0.000010 0.000010 
1 0.000460 0.000450 0.000460 0.000000 0.000460 0.000450 0.000460 
2 1.000000 1.000000 1.000000 0.000000 1.000000 1.000000 1.000000 
3 0.200713 0.196654 0.200713 0.000000 0.200713 0.196654 0.200713 
4 0.999424 0.998843 0.999424 0.000000 0.999424 0.998843 0.999424 
5 1.000000 1.000000 1.000000 0.000000 1.000000 1.000000 1.000000 
6 1.000000 1.000000 1.000000 0.000000 1.000000 1.000000 1.000000 
7 1.000000 1.000000 1.000000 0.000000 1.000000 1.000000 1.000000 
8 1.000000 1.000000 1.000000 -0.000000 1.000000 1.000000 1.000000 
9 1.000000 1.000000 1.000000 0.000000 1.000000 1.000000 1.000000 
10 1.000000 1.000000 1.000000 0.000000 1.000000 1.000000 1.000000 

Rx: Time
Levels 0 1 2 3 4 5 6 7 
0 10 10 10 10 10 10 10 
1 389 340 390 10 390 340 389 
2 2803 2516 2804 10 2804 2516 2803 
3 19701 17748 19702 10 19702 17748 19701 
4 137987 124372 137988 10 137988 124372 137987 
5 965989 870740 965990 10 965990 870740 965989 
6 6762003 6095316 6762004 10 6762004 6095316 6762003 
7 47334101 42667348 47334102 10 47334102 42667348 47334101 
8 331338787 298671572 331338788 10 331338788 298671572 331338787 
9 2319371589 2090701140 2319371590 10 2319371590 2090701140 2319371589 
10 16235601203 14634908116 16235601204 10 16235601204 14634908116 16235601203 

Ry: Error
Levels 0 1 2 3 4 5 6 7 
0 0.000010 0.000010 0.000010 0.000010 0.000010 0.000010 0.000010 
1 0.000750 0.000160 0.000750 0.000000 0.000750 0.000160 0.000750 
2 1.000000 0.003310 1.000000 0.000000 1.000000 0.003310 1.000000 
3 0.279341 0.109005 0.279341 0.000000 0.279341 0.109005 0.279341 
4 0.999992 0.921246 0.999992 0.000000 0.999992 0.921246 0.999992 
5 1.000000 1.000000 1.000000 0.000000 1.000000 1.000000 1.000000 
6 1.000000 1.000000 1.000000 0.000000 1.000000 1.000000 1.000000 
7 1.000000 1.000000 1.000000 0.000000 1.000000 1.000000 1.000000 
8 1.000000 1.000000 1.000000 -0.000000 1.000000 1.000000 1.000000 
9 1.000000 1.000000 1.000000 0.000000 1.000000 1.000000 1.000000 
10 1.000000 1.000000 1.000000 0.000000 1.000000 1.000000 1.000000 

Ry: Time
Levels 0 1 2 3 4 5 6 7 
0 10 10 10 10 10 10 10 
1 773 75 774 11 774 75 773 
2 5635 551 5636 11 5636 551 5635 
3 39669 3883 39670 11 39670 3883 39669 
4 277907 27207 277908 11 277908 27207 277907 
5 1945573 190475 1945574 11 1945574 190475 1945573 
6 13619235 1333351 13619236 11 13619236 1333351 13619235 
7 95334869 9333483 95334870 11 95334870 9333483 95334869 
8 667344307 65334407 667344308 11 667344308 65334407 667344307 
9 4671410373 457340875 4671410374 11 4671410374 457340875 4671410373 
10 32699872835 3201386151 32699872836 11 32699872836 3201386151 32699872835 

Rz: Error
Levels 0 1 2 3 4 5 6 7 
0 0.000010 0.000010 0.000010 0.000010 0.000010 0.000010 0.000010 
1 0.000300 0.000290 0.000300 0.000000 0.000300 0.000290 0.000300 
2 1.000000 1.000000 1.000000 0.000000 1.000000 1.000000 1.000000 
3 0.102928 0.098373 0.102928 0.000000 0.102928 0.098373 0.102928 
4 0.992682 0.985307 0.992682 0.000000 0.992682 0.985307 0.992682 
5 1.000000 1.000000 1.000000 0.000000 1.000000 1.000000 1.000000 
6 1.000000 1.000000 1.000000 0.000000 1.000000 1.000000 1.000000 
7 1.000000 1.000000 1.000000 0.000000 1.000000 1.000000 1.000000 
8 1.000000 1.000000 1.000000 -0.000000 1.000000 1.000000 1.000000 
9 1.000000 1.000000 1.000000 0.000000 1.000000 1.000000 1.000000 
10 1.000000 1.000000 1.000000 0.000000 1.000000 1.000000 1.000000 

Rz: Time
Levels 0 1 2 3 4 5 6 7 
0 1 1 1 1 1 1 1 
1 241 192 242 1 242 192 241 
2 1703 1416 1704 1 1704 1416 1703 
3 11937 9984 11938 1 11938 9984 11937 
4 83575 69960 83576 1 83576 69960 83575 
5 585041 489792 585042 1 585042 489792 585041 
6 4095303 3428616 4095304 1 4095304 3428616 4095303 
7 28667137 24000384 28667138 1 28667138 24000384 28667137 
8 200669975 168002760 200669976 1 200669976 168002760 200669975 
9 1404689841 1176019392 1404689842 1 1404689842 1176019392 1404689841 
10 9832828903 8232135816 9832828904 1 9832828904 8232135816 9832828903 
