10 levels of encoding.
IT 
Gates: Error 
Levels  X Y Z S T H SWAP CNOT CZ CP G2 G6 ZENO 
0 0.000000 0.000000 0.000000 0.000000 0.000000 0.000000 0.000000 0.000000 0.000000 -1.000000 0.000000 0.000000 0.000000 
1 0.000000 -0.000000 0.000000 0.000000 0.000000 0.000000 0.000000 0.000001 0.000001 -1.000000 0.000001 0.000001 0.000001 
2 0.000000 0.000000 0.000000 0.219214 0.219216 0.000000 0.004479 0.000026 0.000026 -1.000000 0.390389 0.390389 0.393120 
3 -0.000000 -0.000000 -0.000000 1.000000 1.000000 -0.000000 1.000000 0.005300 0.005300 -1.000000 1.000000 1.000000 1.000000 
4 0.000000 0.000000 0.000000 1.000000 1.000000 -0.000000 1.000000 1.000000 1.000000 -1.000000 1.000000 1.000000 1.000000 
5 -0.000000 -0.000000 -0.000000 1.000000 1.000000 -0.000000 1.000000 1.000000 1.000000 -1.000000 1.000000 1.000000 1.000000 
6 0.000000 0.000000 0.000000 1.000000 1.000000 -0.000000 1.000000 1.000000 1.000000 -1.000000 1.000000 1.000000 1.000000 
7 0.000000 0.000000 0.000000 1.000000 1.000000 0.000000 1.000000 1.000000 1.000000 -1.000000 1.000000 1.000000 1.000000 
8 -0.000000 -0.000000 -0.000000 1.000000 1.000000 0.000000 1.000000 1.000000 1.000000 -1.000000 1.000000 1.000000 1.000000 
9 0.000000 0.000000 0.000000 1.000000 1.000000 -0.000000 1.000000 1.000000 1.000000 -1.000000 1.000000 1.000000 1.000000 
10 -0.000000 0.000000 -0.000000 1.000000 1.000000 -0.000000 1.000000 1.000000 1.000000 -1.000000 1.000000 1.000000 1.000000 

Gates: Time in ns 
Levels  X Y Z S T H SWAP CNOT CZ G2 G6 ZENO 
0 5000 5000 3000 2000 1000 6000 10000 120000 110000 -1 107000 123000 0 
1 5000 13000 3000 312000 542000 6000 70000 150000 212000 -1 544000 544000 554000 
2 5000 21000 3000 732000 1052000 6000 490000 360000 722000 -1 1594000 1594000 1664000 
3 5000 29000 3000 3672000 4622000 6000 3430000 1830000 4292000 -1 8944000 8944000 9434000 
4 5000 37000 3000 24252000 29612000 6000 24010000 12120000 29282000 -1 60394000 60394000 63824000 
5 5000 45000 3000 168312000 204542000 6000 168070000 84150000 204212000 -1 420544000 420544000 444554000 
6 5000 53000 3000 1176732000 1429052000 6000 1176490000 588360000 1428722000 -1 2941594000 2941594000 3109664000 
7 5000 61000 3000 8235672000 10000622000 6000 8235430000 4117830000 10000292000 -1 20588944000 20588944000 21765434000 
8 5000 69000 3000 57648252000 70001612000 6000 57648010000 28824120000 70001282000 -1 144120394000 144120394000 152355824000 
9 5000 77000 3000 403536312000 490008542000 6000 403536070000 201768150000 490008212000 -1 1008840544000 1008840544000 1066488554000 
10 5000 85000 3000 2824752732000 3430057052000 6000 2824752490000 1412376360000 3430056722000 -1 7061881594000 7061881594000 7465417664000 

Rx: Error
Levels 0 1 2 3 4 5 6 7 
0 0.000000 0.000000 0.000000 0.000000 0.000000 0.000000 0.000000 
1 0.000000 0.000000 0.000000 0.000000 0.000000 0.000000 0.000000 
2 0.219216 0.219214 0.219216 0.000000 0.219216 0.219214 0.219216 
3 1.000000 1.000000 1.000000 -0.000000 1.000000 1.000000 1.000000 
4 1.000000 1.000000 1.000000 0.000000 1.000000 1.000000 1.000000 
5 1.000000 1.000000 1.000000 -0.000000 1.000000 1.000000 1.000000 
6 1.000000 1.000000 1.000000 0.000000 1.000000 1.000000 1.000000 
7 1.000000 1.000000 1.000000 0.000000 1.000000 1.000000 1.000000 
8 1.000000 1.000000 1.000000 -0.000000 1.000000 1.000000 1.000000 
9 1.000000 1.000000 1.000000 0.000000 1.000000 1.000000 1.000000 
10 1.000000 1.000000 1.000000 -0.000000 1.000000 1.000000 1.000000 

Rx: Time
Levels 0 1 2 3 4 5 6 7 
0 5000 5000 5000 5000 5000 5000 5000 
1 554000 324000 557000 5000 557000 324000 554000 
2 1064000 744000 1067000 5000 1067000 744000 1064000 
3 4634000 3684000 4637000 5000 4637000 3684000 4634000 
4 29624000 24264000 29627000 5000 29627000 24264000 29624000 
5 204554000 168324000 204557000 5000 204557000 168324000 204554000 
6 1429064000 1176744000 1429067000 5000 1429067000 1176744000 1429064000 
7 10000634000 8235684000 10000637000 5000 10000637000 8235684000 10000634000 
8 70001624000 57648264000 70001627000 5000 70001627000 57648264000 70001624000 
9 490008554000 403536324000 490008557000 5000 490008557000 403536324000 490008554000 
10 3430057064000 2824752744000 3430057067000 5000 3430057067000 2824752744000 3430057064000 

Ry: Error
Levels 0 1 2 3 4 5 6 7 
0 0.000000 0.000000 0.000000 0.000000 0.000000 0.000000 0.000000 
1 0.000000 0.000000 0.000000 0.000000 0.000000 0.000000 0.000000 
2 0.390375 0.000000 0.390375 0.000000 0.390375 0.000000 0.390375 
3 1.000000 -0.000000 1.000000 -0.000000 1.000000 -0.000000 1.000000 
4 1.000000 -0.000000 1.000000 0.000000 1.000000 -0.000000 1.000000 
5 1.000000 -0.000000 1.000000 -0.000000 1.000000 -0.000000 1.000000 
6 1.000000 0.000000 1.000000 0.000000 1.000000 0.000000 1.000000 
7 1.000000 0.000000 1.000000 0.000000 1.000000 0.000000 1.000000 
8 1.000000 0.000000 1.000000 -0.000000 1.000000 0.000000 1.000000 
9 1.000000 -0.000000 1.000000 0.000000 1.000000 -0.000000 1.000000 
10 1.000000 -0.000000 1.000000 -0.000000 1.000000 -0.000000 1.000000 

Ry: Time
Levels 0 1 2 3 4 5 6 7 
0 5000 5000 5000 5000 5000 5000 5000 
1 1178000 9000 1181000 8000 1181000 9000 1178000 
2 2528000 9000 2531000 8000 2531000 9000 2528000 
3 11978000 9000 11981000 8000 11981000 9000 11978000 
4 78128000 9000 78131000 8000 78131000 9000 78128000 
5 541178000 9000 541181000 8000 541181000 9000 541178000 
6 3782528000 9000 3782531000 8000 3782531000 9000 3782528000 
7 26471978000 9000 26471981000 8000 26471981000 9000 26471978000 
8 185298128000 9000 185298131000 8000 185298131000 9000 185298128000 
9 1297081178000 9000 1297081181000 8000 1297081181000 9000 1297081178000 
10 9079562528000 9000 9079562531000 8000 9079562531000 9000 9079562528000 

Rz: Error
Levels 0 1 2 3 4 5 6 7 
0 0.000000 0.000000 0.000000 0.000000 0.000000 0.000000 0.000000 
1 0.000000 0.000000 0.000000 0.000000 0.000000 0.000000 0.000000 
2 0.219216 0.219214 0.219216 0.000000 0.219216 0.219214 0.219216 
3 1.000000 1.000000 1.000000 -0.000000 1.000000 1.000000 1.000000 
4 1.000000 1.000000 1.000000 0.000000 1.000000 1.000000 1.000000 
5 1.000000 1.000000 1.000000 -0.000000 1.000000 1.000000 1.000000 
6 1.000000 1.000000 1.000000 0.000000 1.000000 1.000000 1.000000 
7 1.000000 1.000000 1.000000 0.000000 1.000000 1.000000 1.000000 
8 1.000000 1.000000 1.000000 -0.000000 1.000000 1.000000 1.000000 
9 1.000000 1.000000 1.000000 0.000000 1.000000 1.000000 1.000000 
10 1.000000 1.000000 1.000000 -0.000000 1.000000 1.000000 1.000000 

Rz: Time
Levels 0 1 2 3 4 5 6 7 
0 3000 3000 3000 3000 3000 3000 3000 
1 542000 312000 545000 3000 545000 312000 542000 
2 1052000 732000 1055000 3000 1055000 732000 1052000 
3 4622000 3672000 4625000 3000 4625000 3672000 4622000 
4 29612000 24252000 29615000 3000 29615000 24252000 29612000 
5 204542000 168312000 204545000 3000 204545000 168312000 204542000 
6 1429052000 1176732000 1429055000 3000 1429055000 1176732000 1429052000 
7 10000622000 8235672000 10000625000 3000 10000625000 8235672000 10000622000 
8 70001612000 57648252000 70001615000 3000 70001615000 57648252000 70001612000 
9 490008542000 403536312000 490008545000 3000 490008545000 403536312000 490008542000 
10 3430057052000 2824752732000 3430057055000 3000 3430057055000 2824752732000 3430057052000 
