10 levels of encoding.
LP 
Gates: Error 
Levels  X Y Z S T H SWAP CNOT CZ CP G2 G6 ZENO 
0 0.101000 0.101000 0.101000 0.101000 0.101000 0.101000 0.101000 0.101000 0.101000 0.412783 0.273427 0.273427 0.346811 
1 0.010201 0.002144 0.010201 0.822950 0.940927 0.053276 0.938900 0.815760 0.825576 -1.000000 0.994532 0.994532 0.999666 
2 0.000104 0.000000 0.000104 1.000000 1.000000 0.015844 1.000000 1.000000 1.000000 -1.000000 1.000000 1.000000 1.000000 
3 0.000000 0.000000 0.000000 1.000000 1.000000 0.001475 1.000000 1.000000 1.000000 -1.000000 1.000000 1.000000 1.000000 
4 0.000000 -0.000000 0.000000 1.000000 1.000000 0.000013 1.000000 1.000000 1.000000 -1.000000 1.000000 1.000000 1.000000 
5 0.000000 -0.000000 0.000000 1.000000 1.000000 0.000000 1.000000 1.000000 1.000000 -1.000000 1.000000 1.000000 1.000000 
6 0.000000 0.000000 0.000000 1.000000 1.000000 -0.000000 1.000000 1.000000 1.000000 -1.000000 1.000000 1.000000 1.000000 
7 -0.000000 0.000000 -0.000000 1.000000 1.000000 0.000000 1.000000 1.000000 1.000000 -1.000000 1.000000 1.000000 1.000000 
8 0.000000 0.000000 0.000000 1.000000 1.000000 0.000000 1.000000 1.000000 1.000000 -1.000000 1.000000 1.000000 1.000000 
9 -0.000000 0.000000 -0.000000 1.000000 1.000000 0.000000 1.000000 1.000000 1.000000 -1.000000 1.000000 1.000000 1.000000 
10 0.000000 0.000000 0.000000 1.000000 1.000000 0.000000 1.000000 1.000000 1.000000 -1.000000 1.000000 1.000000 1.000000 

Gates: Time in ns 
Levels  X Y Z S T H SWAP CNOT CZ G2 G6 ZENO 
0 1 1 1 1 1 1 10 10 10 -1 21 21 0 
1 1 3 1 82 103 1 70 40 92 -1 194 194 204 
2 1 5 1 502 613 1 490 250 602 -1 1244 1244 1314 
3 1 7 1 3442 4183 1 3430 1720 4172 -1 8594 8594 9084 
4 1 9 1 24022 29173 1 24010 12010 29162 -1 60044 60044 63474 
5 1 11 1 168082 204103 1 168070 84040 204092 -1 420194 420194 444204 
6 1 13 1 1176502 1428613 1 1176490 588250 1428602 -1 2941244 2941244 3109314 
7 1 15 1 8235442 10000183 1 8235430 4117720 10000172 -1 20588594 20588594 21765084 
8 1 17 1 57648022 70001173 1 57648010 28824010 70001162 -1 144120044 144120044 152355474 
9 1 19 1 403536082 490008103 1 403536070 201768040 490008092 -1 1008840194 1008840194 1066488204 
10 1 21 1 2824752502 3430056613 1 2824752490 1412376250 3430056602 -1 7061881244 7061881244 7465417314 

Rx: Error
Levels 0 1 2 3 4 5 6 7 
0 0.101000 0.101000 0.101000 0.101000 0.101000 0.101000 0.101000 
1 0.944074 0.832383 0.944645 0.010201 0.944645 0.832383 0.944074 
2 1.000000 1.000000 1.000000 0.000104 1.000000 1.000000 1.000000 
3 1.000000 1.000000 1.000000 0.000000 1.000000 1.000000 1.000000 
4 1.000000 1.000000 1.000000 0.000000 1.000000 1.000000 1.000000 
5 1.000000 1.000000 1.000000 0.000000 1.000000 1.000000 1.000000 
6 1.000000 1.000000 1.000000 0.000000 1.000000 1.000000 1.000000 
7 1.000000 1.000000 1.000000 -0.000000 1.000000 1.000000 1.000000 
8 1.000000 1.000000 1.000000 0.000000 1.000000 1.000000 1.000000 
9 1.000000 1.000000 1.000000 -0.000000 1.000000 1.000000 1.000000 
10 1.000000 1.000000 1.000000 0.000000 1.000000 1.000000 1.000000 

Rx: Time
Levels 0 1 2 3 4 5 6 7 
0 1 1 1 1 1 1 1 
1 105 84 106 1 106 84 105 
2 615 504 616 1 616 504 615 
3 4185 3444 4186 1 4186 3444 4185 
4 29175 24024 29176 1 29176 24024 29175 
5 204105 168084 204106 1 204106 168084 204105 
6 1428615 1176504 1428616 1 1428616 1176504 1428615 
7 10000185 8235444 10000186 1 10000186 8235444 10000185 
8 70001175 57648024 70001176 1 70001176 57648024 70001175 
9 490008105 403536084 490008106 1 490008106 403536084 490008105 
10 3430056615 2824752504 3430056616 1 3430056616 2824752504 3430056615 

Ry: Error
Levels 0 1 2 3 4 5 6 7 
0 0.101000 0.101000 0.101000 0.101000 0.101000 0.101000 0.101000 
1 0.990098 0.062933 0.990199 0.020298 0.990199 0.062933 0.990098 
2 1.000000 0.015947 1.000000 0.000208 1.000000 0.015947 1.000000 
3 1.000000 0.001475 1.000000 0.000000 1.000000 0.001475 1.000000 
4 1.000000 0.000013 1.000000 0.000000 1.000000 0.000013 1.000000 
5 1.000000 0.000000 1.000000 0.000000 1.000000 0.000000 1.000000 
6 1.000000 0.000000 1.000000 0.000000 1.000000 0.000000 1.000000 
7 1.000000 -0.000000 1.000000 -0.000000 1.000000 -0.000000 1.000000 
8 1.000000 0.000000 1.000000 0.000000 1.000000 0.000000 1.000000 
9 1.000000 -0.000000 1.000000 -0.000000 1.000000 -0.000000 1.000000 
10 1.000000 0.000000 1.000000 0.000000 1.000000 0.000000 1.000000 

Ry: Time
Levels 0 1 2 3 4 5 6 7 
0 1 1 1 1 1 1 1 
1 269 2 270 2 270 2 269 
2 1619 2 1620 2 1620 2 1619 
3 11069 2 11070 2 11070 2 11069 
4 77219 2 77220 2 77220 2 77219 
5 540269 2 540270 2 540270 2 540269 
6 3781619 2 3781620 2 3781620 2 3781619 
7 26471069 2 26471070 2 26471070 2 26471069 
8 185297219 2 185297220 2 185297220 2 185297219 
9 1297080269 2 1297080270 2 1297080270 2 1297080269 
10 9079561619 2 9079561620 2 9079561620 2 9079561619 

Rz: Error
Levels 0 1 2 3 4 5 6 7 
0 0.101000 0.101000 0.101000 0.101000 0.101000 0.101000 0.101000 
1 0.940927 0.822950 0.941529 0.010201 0.941529 0.822950 0.940927 
2 1.000000 1.000000 1.000000 0.000104 1.000000 1.000000 1.000000 
3 1.000000 1.000000 1.000000 0.000000 1.000000 1.000000 1.000000 
4 1.000000 1.000000 1.000000 0.000000 1.000000 1.000000 1.000000 
5 1.000000 1.000000 1.000000 0.000000 1.000000 1.000000 1.000000 
6 1.000000 1.000000 1.000000 0.000000 1.000000 1.000000 1.000000 
7 1.000000 1.000000 1.000000 -0.000000 1.000000 1.000000 1.000000 
8 1.000000 1.000000 1.000000 0.000000 1.000000 1.000000 1.000000 
9 1.000000 1.000000 1.000000 -0.000000 1.000000 1.000000 1.000000 
10 1.000000 1.000000 1.000000 0.000000 1.000000 1.000000 1.000000 

Rz: Time
Levels 0 1 2 3 4 5 6 7 
0 1 1 1 1 1 1 1 
1 103 82 104 1 104 82 103 
2 613 502 614 1 614 502 613 
3 4183 3442 4184 1 4184 3442 4183 
4 29173 24022 29174 1 29174 24022 29173 
5 204103 168082 204104 1 204104 168082 204103 
6 1428613 1176502 1428614 1 1428614 1176502 1428613 
7 10000183 8235442 10000184 1 10000184 8235442 10000183 
8 70001173 57648022 70001174 1 70001174 57648022 70001173 
9 490008103 403536082 490008104 1 490008104 403536082 490008103 
10 3430056613 2824752502 3430056614 1 3430056614 2824752502 3430056613 
