10 levels of encoding.
NA 
Gates: Error 
Levels  X Y Z S T H SWAP CNOT CZ CP G2 G6 ZENO 
0 0.008120 0.008120 0.008120 0.008120 0.008120 0.024163 0.070751 0.024163 0.008120 -1.000000 0.039946 0.039946 0.093204 
1 0.000066 0.000001 0.000066 0.538197 0.646179 0.003391 0.817446 0.611979 0.613295 -1.000000 0.917531 0.917531 0.984945 
2 0.000000 0.000000 0.000000 1.000000 1.000000 0.000069 1.000000 1.000000 1.000000 -1.000000 1.000000 1.000000 1.000000 
3 -0.000000 0.000000 -0.000000 1.000000 1.000000 0.000000 1.000000 1.000000 1.000000 -1.000000 1.000000 1.000000 1.000000 
4 0.000000 0.000000 0.000000 1.000000 1.000000 0.000000 1.000000 1.000000 1.000000 -1.000000 1.000000 1.000000 1.000000 
5 0.000000 0.000000 0.000000 1.000000 1.000000 0.000000 1.000000 1.000000 1.000000 -1.000000 1.000000 1.000000 1.000000 
6 -0.000000 0.000000 -0.000000 1.000000 1.000000 0.000000 1.000000 1.000000 1.000000 -1.000000 1.000000 1.000000 1.000000 
7 0.000000 -0.000000 0.000000 1.000000 1.000000 -0.000000 1.000000 1.000000 1.000000 -1.000000 1.000000 1.000000 1.000000 
8 -0.000000 0.000000 -0.000000 1.000000 1.000000 0.000000 1.000000 1.000000 1.000000 -1.000000 1.000000 1.000000 1.000000 
9 0.000000 0.000000 0.000000 1.000000 1.000000 0.000000 1.000000 1.000000 1.000000 -1.000000 1.000000 1.000000 1.000000 
10 -0.000000 -0.000000 -0.000000 1.000000 1.000000 0.000000 1.000000 1.000000 1.000000 -1.000000 1.000000 1.000000 1.000000 

Gates: Time in ns 
Levels  X Y Z S T H SWAP CNOT CZ G2 G6 ZENO 
0 457 457 915 915 915 781 7599 2533 1619 -1 4609 10133 0 
1 457 1829 915 52222 142354 781 53193 25330 64887 -1 132307 132307 139906 
2 457 3201 915 371380 529903 781 372351 184909 452436 -1 930202 930202 983395 
3 457 4573 915 2605486 3242746 781 2606457 1301962 3165279 -1 6515467 6515467 6887818 
4 457 5945 915 18244228 22232647 781 18245199 9121333 22155180 -1 45612322 45612322 48218779 
5 457 7317 915 127715422 155161954 781 127716393 63856930 155084487 -1 319290307 319290307 337535506 
6 457 8689 915 894013780 1085667103 781 894014751 447006109 1085589636 -1 2235036202 2235036202 2362752595 
7 457 10061 915 6258102286 7599203146 781 6258103257 3129050362 7599125679 -1 15645257467 15645257467 16539272218 
8 457 11433 915 43806721828 53193955447 781 43806722799 21903360133 53193877980 -1 109516806322 109516806322 115774909579 
9 457 12805 915 306647058622 372357221554 781 306647059593 153323528530 372357144087 -1 766617648307 766617648307 810424371106 
10 457 14177 915 2146529416180 2606500084303 781 2146529417151 1073264707309 2606500006836 -1 5366323542202 5366323542202 5672970601795 

Rx: Error
Levels 0 1 2 3 4 5 6 7 
0 0.008120 0.008120 0.008120 0.008120 0.008120 0.008120 0.008120 
1 0.647379 0.539764 0.647402 0.000066 0.647402 0.539764 0.647379 
2 1.000000 1.000000 1.000000 0.000000 1.000000 1.000000 1.000000 
3 1.000000 1.000000 1.000000 -0.000000 1.000000 1.000000 1.000000 
4 1.000000 1.000000 1.000000 0.000000 1.000000 1.000000 1.000000 
5 1.000000 1.000000 1.000000 0.000000 1.000000 1.000000 1.000000 
6 1.000000 1.000000 1.000000 -0.000000 1.000000 1.000000 1.000000 
7 1.000000 1.000000 1.000000 0.000000 1.000000 1.000000 1.000000 
8 1.000000 1.000000 1.000000 -0.000000 1.000000 1.000000 1.000000 
9 1.000000 1.000000 1.000000 0.000000 1.000000 1.000000 1.000000 
10 1.000000 1.000000 1.000000 -0.000000 1.000000 1.000000 1.000000 

Rx: Time
Levels 0 1 2 3 4 5 6 7 
0 457 457 457 457 457 457 457 
1 143916 53784 144831 457 144831 53784 143916 
2 531465 372942 532380 457 532380 372942 531465 
3 3244308 2607048 3245223 457 3245223 2607048 3244308 
4 22234209 18245790 22235124 457 22235124 18245790 22234209 
5 155163516 127716984 155164431 457 155164431 127716984 155163516 
6 1085668665 894015342 1085669580 457 1085669580 894015342 1085668665 
7 7599204708 6258103848 7599205623 457 7599205623 6258103848 7599204708 
8 53193957009 43806723390 53193957924 457 53193957924 43806723390 53193957009 
9 372357223116 306647060184 372357224031 457 372357224031 306647060184 372357223116 
10 2606500085865 2146529417742 2606500086780 457 2606500086780 2146529417742 2606500085865 

Ry: Error
Levels 0 1 2 3 4 5 6 7 
0 0.008120 0.008120 0.008120 0.008120 0.008120 0.008120 0.008120 
1 0.837159 0.003457 0.837169 0.000132 0.837169 0.003457 0.837159 
2 1.000000 0.000069 1.000000 0.000000 1.000000 0.000069 1.000000 
3 1.000000 0.000000 1.000000 -0.000000 1.000000 0.000000 1.000000 
4 1.000000 0.000000 1.000000 0.000000 1.000000 0.000000 1.000000 
5 1.000000 0.000000 1.000000 0.000000 1.000000 0.000000 1.000000 
6 1.000000 0.000000 1.000000 -0.000000 1.000000 0.000000 1.000000 
7 1.000000 -0.000000 1.000000 0.000000 1.000000 -0.000000 1.000000 
8 1.000000 0.000000 1.000000 -0.000000 1.000000 0.000000 1.000000 
9 1.000000 0.000000 1.000000 0.000000 1.000000 0.000000 1.000000 
10 1.000000 -0.000000 1.000000 -0.000000 1.000000 -0.000000 1.000000 

Ry: Time
Levels 0 1 2 3 4 5 6 7 
0 457 457 457 457 457 457 457 
1 248360 1696 249275 1372 249275 1696 248360 
2 1274225 1696 1275140 1372 1275140 1696 1274225 
3 8455280 1696 8456195 1372 8456195 1696 8455280 
4 58722665 1696 58723580 1372 58723580 1696 58722665 
5 410594360 1696 410595275 1372 410595275 1696 410594360 
6 2873696225 1696 2873697140 1372 2873697140 1696 2873696225 
7 20115409280 1696 20115410195 1372 20115410195 1696 20115409280 
8 140807400665 1696 140807401580 1372 140807401580 1696 140807400665 
9 985651340360 1696 985651341275 1372 985651341275 1696 985651340360 
10 6899558918225 1696 6899558919140 1372 6899558919140 1696 6899558918225 

Rz: Error
Levels 0 1 2 3 4 5 6 7 
0 0.008120 0.008120 0.008120 0.008120 0.008120 0.008120 0.008120 
1 0.646179 0.538197 0.646202 0.000066 0.646202 0.538197 0.646179 
2 1.000000 1.000000 1.000000 0.000000 1.000000 1.000000 1.000000 
3 1.000000 1.000000 1.000000 -0.000000 1.000000 1.000000 1.000000 
4 1.000000 1.000000 1.000000 0.000000 1.000000 1.000000 1.000000 
5 1.000000 1.000000 1.000000 0.000000 1.000000 1.000000 1.000000 
6 1.000000 1.000000 1.000000 -0.000000 1.000000 1.000000 1.000000 
7 1.000000 1.000000 1.000000 0.000000 1.000000 1.000000 1.000000 
8 1.000000 1.000000 1.000000 -0.000000 1.000000 1.000000 1.000000 
9 1.000000 1.000000 1.000000 0.000000 1.000000 1.000000 1.000000 
10 1.000000 1.000000 1.000000 -0.000000 1.000000 1.000000 1.000000 

Rz: Time
Levels 0 1 2 3 4 5 6 7 
0 915 915 915 915 915 915 915 
1 142354 52222 143269 915 143269 52222 142354 
2 529903 371380 530818 915 530818 371380 529903 
3 3242746 2605486 3243661 915 3243661 2605486 3242746 
4 22232647 18244228 22233562 915 22233562 18244228 22232647 
5 155161954 127715422 155162869 915 155162869 127715422 155161954 
6 1085667103 894013780 1085668018 915 1085668018 894013780 1085667103 
7 7599203146 6258102286 7599204061 915 7599204061 6258102286 7599203146 
8 53193955447 43806721828 53193956362 915 53193956362 43806721828 53193955447 
9 372357221554 306647058622 372357222469 915 372357222469 306647058622 372357221554 
10 2606500084303 2146529416180 2606500085218 915 2606500085218 2146529416180 2606500084303 
