10 levels of encoding.
LP 
Gates: Error 
Levels  X Y Z S T H SWAP CNOT CZ CP G2 G6 ZENO 
0 0.005200 0.005200 0.005200 0.005200 0.005200 0.005200 0.005200 0.005200 0.005200 0.025731 0.015519 0.015519 0.020638 
1 0.000027 0.000000 0.000027 0.037726 0.049957 0.000161 0.056467 0.172460 0.172594 -1.000000 0.233846 0.233846 0.277109 
2 0.000000 0.000000 0.000000 1.000000 1.000000 0.000000 1.000000 0.719199 0.719199 -1.000000 1.000000 1.000000 1.000000 
3 -0.000000 -0.000000 -0.000000 1.000000 1.000000 0.000000 1.000000 1.000000 1.000000 -1.000000 1.000000 1.000000 1.000000 
4 0.000000 0.000000 0.000000 1.000000 1.000000 0.000000 1.000000 1.000000 1.000000 -1.000000 1.000000 1.000000 1.000000 
5 -0.000000 -0.000000 -0.000000 1.000000 1.000000 0.000000 1.000000 1.000000 1.000000 -1.000000 1.000000 1.000000 1.000000 
6 0.000000 -0.000000 0.000000 1.000000 1.000000 -0.000000 1.000000 1.000000 1.000000 -1.000000 1.000000 1.000000 1.000000 
7 -0.000000 0.000000 -0.000000 1.000000 1.000000 -0.000000 1.000000 1.000000 1.000000 -1.000000 1.000000 1.000000 1.000000 
8 0.000000 0.000000 0.000000 1.000000 1.000000 0.000000 1.000000 1.000000 1.000000 -1.000000 1.000000 1.000000 1.000000 
9 -0.000000 0.000000 -0.000000 1.000000 1.000000 0.000000 1.000000 1.000000 1.000000 -1.000000 1.000000 1.000000 1.000000 
10 0.000000 0.000000 0.000000 1.000000 1.000000 0.000000 1.000000 1.000000 1.000000 -1.000000 1.000000 1.000000 1.000000 

Gates: Time in ns 
Levels  X Y Z S T H SWAP CNOT CZ G2 G6 ZENO 
0 1 1 1 1 1 1 36 12 10 -1 21 21 0 
1 1 3 1 242 340 1 252 120 302 -1 616 616 652 
2 1 5 1 1754 2176 1 1764 876 2138 -1 4396 4396 4648 
3 1 7 1 12338 15028 1 12348 6168 14990 -1 30856 30856 32620 
4 1 9 1 86426 104992 1 86436 43212 104954 -1 216076 216076 228424 
5 1 11 1 605042 734740 1 605052 302520 734702 -1 1512616 1512616 1599052 
6 1 13 1 4235354 5142976 1 4235364 2117676 5142938 -1 10588396 10588396 11193448 
7 1 15 1 29647538 36000628 1 29647548 14823768 36000590 -1 74118856 74118856 78354220 
8 1 17 1 207532826 252004192 1 207532836 103766412 252004154 -1 518832076 518832076 548479624 
9 1 19 1 1452729842 1764029140 1 1452729852 726364920 1764029102 -1 3631824616 3631824616 3839357452 
10 1 21 1 10169108954 12348203776 1 10169108964 5084554476 12348203738 -1 25422772396 25422772396 26875502248 

Rx: Error
Levels 0 1 2 3 4 5 6 7 
0 0.005200 0.005200 0.005200 0.005200 0.005200 0.005200 0.005200 
1 0.050110 0.037881 0.050136 0.000027 0.050136 0.037881 0.050110 
2 1.000000 1.000000 1.000000 0.000000 1.000000 1.000000 1.000000 
3 1.000000 1.000000 1.000000 -0.000000 1.000000 1.000000 1.000000 
4 1.000000 1.000000 1.000000 0.000000 1.000000 1.000000 1.000000 
5 1.000000 1.000000 1.000000 -0.000000 1.000000 1.000000 1.000000 
6 1.000000 1.000000 1.000000 0.000000 1.000000 1.000000 1.000000 
7 1.000000 1.000000 1.000000 -0.000000 1.000000 1.000000 1.000000 
8 1.000000 1.000000 1.000000 0.000000 1.000000 1.000000 1.000000 
9 1.000000 1.000000 1.000000 -0.000000 1.000000 1.000000 1.000000 
10 1.000000 1.000000 1.000000 0.000000 1.000000 1.000000 1.000000 

Rx: Time
Levels 0 1 2 3 4 5 6 7 
0 1 1 1 1 1 1 1 
1 342 244 343 1 343 244 342 
2 2178 1756 2179 1 2179 1756 2178 
3 15030 12340 15031 1 15031 12340 15030 
4 104994 86428 104995 1 104995 86428 104994 
5 734742 605044 734743 1 734743 605044 734742 
6 5142978 4235356 5142979 1 5142979 4235356 5142978 
7 36000630 29647540 36000631 1 36000631 29647540 36000630 
8 252004194 207532828 252004195 1 252004195 207532828 252004194 
9 1764029142 1452729844 1764029143 1 1764029143 1452729844 1764029142 
10 12348203778 10169108956 12348203779 1 12348203779 10169108956 12348203778 

Ry: Error
Levels 0 1 2 3 4 5 6 7 
0 0.005200 0.005200 0.005200 0.005200 0.005200 0.005200 0.005200 
1 0.085946 0.000188 0.085971 0.000054 0.085971 0.000188 0.085946 
2 1.000000 0.000000 1.000000 0.000000 1.000000 0.000000 1.000000 
3 1.000000 0.000000 1.000000 -0.000000 1.000000 0.000000 1.000000 
4 1.000000 0.000000 1.000000 0.000000 1.000000 0.000000 1.000000 
5 1.000000 0.000000 1.000000 -0.000000 1.000000 0.000000 1.000000 
6 1.000000 -0.000000 1.000000 0.000000 1.000000 -0.000000 1.000000 
7 1.000000 -0.000000 1.000000 -0.000000 1.000000 -0.000000 1.000000 
8 1.000000 0.000000 1.000000 0.000000 1.000000 0.000000 1.000000 
9 1.000000 0.000000 1.000000 -0.000000 1.000000 0.000000 1.000000 
10 1.000000 0.000000 1.000000 0.000000 1.000000 0.000000 1.000000 

Ry: Time
Levels 0 1 2 3 4 5 6 7 
0 1 1 1 1 1 1 1 
1 826 2 827 2 827 2 826 
2 5686 2 5687 2 5687 2 5686 
3 39706 2 39707 2 39707 2 39706 
4 277846 2 277847 2 277847 2 277846 
5 1944826 2 1944827 2 1944827 2 1944826 
6 13613686 2 13613687 2 13613687 2 13613686 
7 95295706 2 95295707 2 95295707 2 95295706 
8 667069846 2 667069847 2 667069847 2 667069846 
9 4669488826 2 4669488827 2 4669488827 2 4669488826 
10 32686421686 2 32686421687 2 32686421687 2 32686421686 

Rz: Error
Levels 0 1 2 3 4 5 6 7 
0 0.005200 0.005200 0.005200 0.005200 0.005200 0.005200 0.005200 
1 0.049957 0.037726 0.049982 0.000027 0.049982 0.037726 0.049957 
2 1.000000 1.000000 1.000000 0.000000 1.000000 1.000000 1.000000 
3 1.000000 1.000000 1.000000 -0.000000 1.000000 1.000000 1.000000 
4 1.000000 1.000000 1.000000 0.000000 1.000000 1.000000 1.000000 
5 1.000000 1.000000 1.000000 -0.000000 1.000000 1.000000 1.000000 
6 1.000000 1.000000 1.000000 0.000000 1.000000 1.000000 1.000000 
7 1.000000 1.000000 1.000000 -0.000000 1.000000 1.000000 1.000000 
8 1.000000 1.000000 1.000000 0.000000 1.000000 1.000000 1.000000 
9 1.000000 1.000000 1.000000 -0.000000 1.000000 1.000000 1.000000 
10 1.000000 1.000000 1.000000 0.000000 1.000000 1.000000 1.000000 

Rz: Time
Levels 0 1 2 3 4 5 6 7 
0 1 1 1 1 1 1 1 
1 340 242 341 1 341 242 340 
2 2176 1754 2177 1 2177 1754 2176 
3 15028 12338 15029 1 15029 12338 15028 
4 104992 86426 104993 1 104993 86426 104992 
5 734740 605042 734741 1 734741 605042 734740 
6 5142976 4235354 5142977 1 5142977 4235354 5142976 
7 36000628 29647538 36000629 1 36000629 29647538 36000628 
8 252004192 207532826 252004193 1 252004193 207532826 252004192 
9 1764029140 1452729842 1764029141 1 1764029141 1452729842 1764029140 
10 12348203776 10169108954 12348203777 1 12348203777 10169108954 12348203776 
