10 levels of encoding.
LP 
Gates: Error 
Levels  X Y Z S T H SWAP CNOT CZ CP G2 G6 ZENO 
0 0.989000 0.989000 0.989000 0.989000 0.989000 0.989000 0.989000 0.989000 0.989000 1.000000 0.999999 0.999999 1.000000 
1 0.978121 0.999051 0.978121 1.000000 1.000000 0.999995 1.000000 1.000000 1.000000 -1.000000 1.000000 1.000000 1.000000 
2 0.956721 0.998048 0.956721 1.000000 1.000000 1.000000 1.000000 1.000000 1.000000 -1.000000 1.000000 1.000000 1.000000 
3 0.915314 0.992526 0.915314 1.000000 1.000000 1.000000 1.000000 1.000000 1.000000 -1.000000 1.000000 1.000000 1.000000 
4 0.837801 0.971660 0.837801 1.000000 1.000000 1.000000 1.000000 1.000000 1.000000 -1.000000 1.000000 1.000000 1.000000 
5 0.701910 0.899283 0.701910 1.000000 1.000000 1.000000 1.000000 1.000000 1.000000 -1.000000 1.000000 1.000000 1.000000 
6 0.492677 0.692276 0.492677 1.000000 1.000000 1.000000 1.000000 1.000000 1.000000 -1.000000 1.000000 1.000000 1.000000 
7 0.242731 0.313417 0.242731 1.000000 1.000000 1.000000 1.000000 1.000000 1.000000 -1.000000 1.000000 1.000000 1.000000 
8 0.058918 0.038227 0.058918 1.000000 1.000000 1.000000 1.000000 1.000000 1.000000 -1.000000 1.000000 1.000000 1.000000 
9 0.003471 0.000277 0.003471 1.000000 1.000000 1.000000 1.000000 1.000000 1.000000 -1.000000 1.000000 1.000000 1.000000 
10 0.000012 0.000000 0.000012 1.000000 1.000000 1.000000 1.000000 1.000000 1.000000 -1.000000 1.000000 1.000000 1.000000 

Gates: Time in ns 
Levels  X Y Z S T H SWAP CNOT CZ G2 G6 ZENO 
0 10 11 1 1 1 12 81 27 10 -1 21 21 0 
1 10 22 1 564 784 12 567 270 699 -1 1425 1425 1506 
2 10 33 1 3966 4915 12 3969 1971 4830 -1 9930 9930 10497 
3 10 44 1 27780 33832 12 27783 13878 33747 -1 69465 69465 73434 
4 10 55 1 194478 236251 12 194481 97227 236166 -1 486210 486210 513993 
5 10 66 1 1361364 1653184 12 1361367 680670 1653099 -1 3403425 3403425 3597906 
6 10 77 1 9529566 11571715 12 9529569 4764771 11571630 -1 23823930 23823930 25185297 
7 10 88 1 66706980 81001432 12 66706983 33353478 81001347 -1 166767465 166767465 176297034 
8 10 99 1 466948878 567009451 12 466948881 233474427 567009366 -1 1167372210 1167372210 1234079193 
9 10 110 1 3268642164 3969065584 12 3268642167 1634321070 3969065499 -1 8171605425 8171605425 8638554306 
10 10 121 1 22880495166 27783458515 12 22880495169 11440247571 27783458430 -1 57201237930 57201237930 60469880097 

Rx: Error
Levels 0 1 2 3 4 5 6 7 
0 0.989000 0.989000 0.989000 0.989000 0.989000 0.989000 0.989000 
1 1.000000 1.000000 1.000000 0.978121 1.000000 1.000000 1.000000 
2 1.000000 1.000000 1.000000 0.956721 1.000000 1.000000 1.000000 
3 1.000000 1.000000 1.000000 0.915314 1.000000 1.000000 1.000000 
4 1.000000 1.000000 1.000000 0.837801 1.000000 1.000000 1.000000 
5 1.000000 1.000000 1.000000 0.701910 1.000000 1.000000 1.000000 
6 1.000000 1.000000 1.000000 0.492677 1.000000 1.000000 1.000000 
7 1.000000 1.000000 1.000000 0.242731 1.000000 1.000000 1.000000 
8 1.000000 1.000000 1.000000 0.058918 1.000000 1.000000 1.000000 
9 1.000000 1.000000 1.000000 0.003471 1.000000 1.000000 1.000000 
10 1.000000 1.000000 1.000000 0.000012 1.000000 1.000000 1.000000 

Rx: Time
Levels 0 1 2 3 4 5 6 7 
0 10 10 10 10 10 10 10 
1 808 588 809 10 809 588 808 
2 4939 3990 4940 10 4940 3990 4939 
3 33856 27804 33857 10 33857 27804 33856 
4 236275 194502 236276 10 236276 194502 236275 
5 1653208 1361388 1653209 10 1653209 1361388 1653208 
6 11571739 9529590 11571740 10 11571740 9529590 11571739 
7 81001456 66707004 81001457 10 81001457 66707004 81001456 
8 567009475 466948902 567009476 10 567009476 466948902 567009475 
9 3969065608 3268642188 3969065609 10 3969065609 3268642188 3969065608 
10 27783458539 22880495190 27783458540 10 27783458540 22880495190 27783458539 

Ry: Error
Levels 0 1 2 3 4 5 6 7 
0 0.989000 0.989000 0.989000 0.989000 0.989000 0.989000 0.989000 
1 1.000000 1.000000 1.000000 0.999521 1.000000 1.000000 1.000000 
2 1.000000 1.000000 1.000000 0.998127 1.000000 1.000000 1.000000 
3 1.000000 1.000000 1.000000 0.992828 1.000000 1.000000 1.000000 
4 1.000000 1.000000 1.000000 0.973691 1.000000 1.000000 1.000000 
5 1.000000 1.000000 1.000000 0.911142 1.000000 1.000000 1.000000 
6 1.000000 1.000000 1.000000 0.742624 1.000000 1.000000 1.000000 
7 1.000000 1.000000 1.000000 0.426544 1.000000 1.000000 1.000000 
8 1.000000 1.000000 1.000000 0.114365 1.000000 1.000000 1.000000 
9 1.000000 1.000000 1.000000 0.006931 1.000000 1.000000 1.000000 
10 1.000000 1.000000 1.000000 0.000024 1.000000 1.000000 1.000000 

Ry: Time
Levels 0 1 2 3 4 5 6 7 
0 11 11 11 11 11 11 11 
1 1936 13 1937 11 1937 13 1936 
2 12871 13 12872 11 12872 13 12871 
3 89416 13 89417 11 89417 13 89416 
4 625231 13 625232 11 625232 13 625231 
5 4375936 13 4375937 11 4375937 13 4375936 
6 30630871 13 30630872 11 30630872 13 30630871 
7 214415416 13 214415417 11 214415417 13 214415416 
8 1500907231 13 1500907232 11 1500907232 13 1500907231 
9 10506349936 13 10506349937 11 10506349937 13 10506349936 
10 73544448871 13 73544448872 11 73544448872 13 73544448871 

Rz: Error
Levels 0 1 2 3 4 5 6 7 
0 0.989000 0.989000 0.989000 0.989000 0.989000 0.989000 0.989000 
1 1.000000 1.000000 1.000000 0.978121 1.000000 1.000000 1.000000 
2 1.000000 1.000000 1.000000 0.956721 1.000000 1.000000 1.000000 
3 1.000000 1.000000 1.000000 0.915314 1.000000 1.000000 1.000000 
4 1.000000 1.000000 1.000000 0.837801 1.000000 1.000000 1.000000 
5 1.000000 1.000000 1.000000 0.701910 1.000000 1.000000 1.000000 
6 1.000000 1.000000 1.000000 0.492677 1.000000 1.000000 1.000000 
7 1.000000 1.000000 1.000000 0.242731 1.000000 1.000000 1.000000 
8 1.000000 1.000000 1.000000 0.058918 1.000000 1.000000 1.000000 
9 1.000000 1.000000 1.000000 0.003471 1.000000 1.000000 1.000000 
10 1.000000 1.000000 1.000000 0.000012 1.000000 1.000000 1.000000 

Rz: Time
Levels 0 1 2 3 4 5 6 7 
0 1 1 1 1 1 1 1 
1 784 564 785 1 785 564 784 
2 4915 3966 4916 1 4916 3966 4915 
3 33832 27780 33833 1 33833 27780 33832 
4 236251 194478 236252 1 236252 194478 236251 
5 1653184 1361364 1653185 1 1653185 1361364 1653184 
6 11571715 9529566 11571716 1 11571716 9529566 11571715 
7 81001432 66706980 81001433 1 81001433 66706980 81001432 
8 567009451 466948878 567009452 1 567009452 466948878 567009451 
9 3969065584 3268642164 3969065585 1 3969065585 3268642164 3969065584 
10 27783458515 22880495166 27783458516 1 27783458516 22880495166 27783458515 
