10 levels of encoding.
LP 
Gates: Error 
 Levels  X Y Z S T H SWAP CNOT CZ CP G2 G6 ZENO 
0 0.000010 0.000010 0.000010 0.000010 0.000010 0.000010 0.000010 0.000010 0.000010 0.000050 0.000030 0.000030 0.000040 
1 0.000000 0.000000 0.000000 0.000047 0.000048 0.000000 0.000081 0.000400 0.000400 -1.000000 0.000494 0.000494 0.000575 
2 -0.000000 0.000000 -0.000000 0.999379 0.999381 -0.000000 0.308499 0.015822 0.015822 -1.000000 1.000000 1.000000 1.000000 
3 0.000000 0.000000 0.000000 1.000000 1.000000 -0.000000 1.000000 0.997082 0.997082 -1.000000 1.000000 1.000000 1.000000 
4 -0.000000 -0.000000 -0.000000 1.000000 1.000000 0.000000 1.000000 1.000000 1.000000 -1.000000 1.000000 1.000000 1.000000 
5 0.000000 0.000000 0.000000 1.000000 1.000000 -0.000000 1.000000 1.000000 1.000000 -1.000000 1.000000 1.000000 1.000000 
6 -0.000000 0.000000 -0.000000 1.000000 1.000000 -0.000000 1.000000 1.000000 1.000000 -1.000000 1.000000 1.000000 1.000000 
7 0.000000 0.000000 0.000000 1.000000 1.000000 -0.000000 1.000000 1.000000 1.000000 -1.000000 1.000000 1.000000 1.000000 
8 0.000000 0.000000 0.000000 1.000000 1.000000 -0.000000 1.000000 1.000000 1.000000 -1.000000 1.000000 1.000000 1.000000 
9 -0.000000 -0.000000 -0.000000 1.000000 1.000000 0.000000 1.000000 1.000000 1.000000 -1.000000 1.000000 1.000000 1.000000 
10 0.000000 0.000000 0.000000 1.000000 1.000000 -0.000000 1.000000 1.000000 1.000000 -1.000000 1.000000 1.000000 1.000000 

Gates: Time in ns 
Levels  X Y Z S T H SWAP CNOT CZ G2 G6 ZENO 
0 10 10 1 1 1 6 17 22 10 -1 21 21 0 
1 10 21 1 158 207 6 119 73 170 -1 362 362 379 
2 10 32 1 872 1074 6 833 430 1037 -1 2147 2147 2266 
3 10 43 1 5870 7143 6 5831 2929 7106 -1 14642 14642 15475 
4 10 54 1 40856 49626 6 40817 20422 49589 -1 102107 102107 107938 
5 10 65 1 285758 347007 6 285719 142873 346970 -1 714362 714362 755179 
6 10 76 1 2000072 2428674 6 2000033 1000030 2428637 -1 5000147 5000147 5285866 
7 10 87 1 14000270 17000343 6 14000231 7000129 17000306 -1 35000642 35000642 37000675 
8 10 98 1 98001656 119002026 6 98001617 49000822 119001989 -1 245004107 245004107 259004338 
9 10 109 1 686011358 833013807 6 686011319 343005673 833013770 -1 1715028362 1715028362 1813029979 
10 10 120 1 4802079272 5831096274 6 4802079233 2401039630 5831096237 -1 12005198147 12005198147 12691209466 

Rx: Error
Levels 0 1 2 3 4 5 6 7 
0 0.000010 0.000010 0.000010 0.000010 0.000010 0.000010 0.000010 
1 0.000048 0.000047 0.000048 0.000000 0.000048 0.000047 0.000048 
2 0.999381 0.999379 0.999381 -0.000000 0.999381 0.999379 0.999381 
3 1.000000 1.000000 1.000000 0.000000 1.000000 1.000000 1.000000 
4 1.000000 1.000000 1.000000 -0.000000 1.000000 1.000000 1.000000 
5 1.000000 1.000000 1.000000 0.000000 1.000000 1.000000 1.000000 
6 1.000000 1.000000 1.000000 -0.000000 1.000000 1.000000 1.000000 
7 1.000000 1.000000 1.000000 0.000000 1.000000 1.000000 1.000000 
8 1.000000 1.000000 1.000000 0.000000 1.000000 1.000000 1.000000 
9 1.000000 1.000000 1.000000 -0.000000 1.000000 1.000000 1.000000 
10 1.000000 1.000000 1.000000 0.000000 1.000000 1.000000 1.000000 

Rx: Time
Levels 0 1 2 3 4 5 6 7 
0 10 10 10 10 10 10 10 
1 219 170 220 10 220 170 219 
2 1086 884 1087 10 1087 884 1086 
3 7155 5882 7156 10 7156 5882 7155 
4 49638 40868 49639 10 49639 40868 49638 
5 347019 285770 347020 10 347020 285770 347019 
6 2428686 2000084 2428687 10 2428687 2000084 2428686 
7 17000355 14000282 17000356 10 17000356 14000282 17000355 
8 119002038 98001668 119002039 10 119002039 98001668 119002038 
9 833013819 686011370 833013820 10 833013820 686011370 833013819 
10 5831096286 4802079284 5831096287 10 5831096287 4802079284 5831096286 

Ry: Error
Levels 0 1 2 3 4 5 6 7 
0 0.000010 0.000010 0.000010 0.000010 0.000010 0.000010 0.000010 
1 0.000095 0.000000 0.000095 0.000000 0.000095 0.000000 0.000095 
2 1.000000 -0.000000 1.000000 -0.000000 1.000000 -0.000000 1.000000 
3 1.000000 -0.000000 1.000000 0.000000 1.000000 -0.000000 1.000000 
4 1.000000 0.000000 1.000000 -0.000000 1.000000 0.000000 1.000000 
5 1.000000 -0.000000 1.000000 0.000000 1.000000 -0.000000 1.000000 
6 1.000000 -0.000000 1.000000 -0.000000 1.000000 -0.000000 1.000000 
7 1.000000 -0.000000 1.000000 0.000000 1.000000 -0.000000 1.000000 
8 1.000000 -0.000000 1.000000 0.000000 1.000000 -0.000000 1.000000 
9 1.000000 0.000000 1.000000 -0.000000 1.000000 0.000000 1.000000 
10 1.000000 0.000000 1.000000 0.000000 1.000000 0.000000 1.000000 

Ry: Time
Levels 0 1 2 3 4 5 6 7 
0 10 10 10 10 10 10 10 
1 535 7 536 11 536 7 535 
2 2830 7 2831 11 2831 7 2830 
3 18895 7 18896 11 18896 7 18895 
4 131350 7 131351 11 131351 7 131350 
5 918535 7 918536 11 918536 7 918535 
6 6428830 7 6428831 11 6428831 7 6428830 
7 45000895 7 45000896 11 45000896 7 45000895 
8 315005350 7 315005351 11 315005351 7 315005350 
9 2205036535 7 2205036536 11 2205036536 7 2205036535 
10 15435254830 7 15435254831 11 15435254831 7 15435254830 

Rz: Error
Levels 0 1 2 3 4 5 6 7 
0 0.000010 0.000010 0.000010 0.000010 0.000010 0.000010 0.000010 
1 0.000048 0.000047 0.000048 0.000000 0.000048 0.000047 0.000048 
2 0.999381 0.999379 0.999381 -0.000000 0.999381 0.999379 0.999381 
3 1.000000 1.000000 1.000000 0.000000 1.000000 1.000000 1.000000 
4 1.000000 1.000000 1.000000 -0.000000 1.000000 1.000000 1.000000 
5 1.000000 1.000000 1.000000 0.000000 1.000000 1.000000 1.000000 
6 1.000000 1.000000 1.000000 -0.000000 1.000000 1.000000 1.000000 
7 1.000000 1.000000 1.000000 0.000000 1.000000 1.000000 1.000000 
8 1.000000 1.000000 1.000000 0.000000 1.000000 1.000000 1.000000 
9 1.000000 1.000000 1.000000 -0.000000 1.000000 1.000000 1.000000 
10 1.000000 1.000000 1.000000 0.000000 1.000000 1.000000 1.000000 

Rz: Time
Levels 0 1 2 3 4 5 6 7 
0 1 1 1 1 1 1 1 
1 207 158 208 1 208 158 207 
2 1074 872 1075 1 1075 872 1074 
3 7143 5870 7144 1 7144 5870 7143 
4 49626 40856 49627 1 49627 40856 49626 
5 347007 285758 347008 1 347008 285758 347007 
6 2428674 2000072 2428675 1 2428675 2000072 2428674 
7 17000343 14000270 17000344 1 17000344 14000270 17000343 
8 119002026 98001656 119002027 1 119002027 98001656 119002026 
9 833013807 686011358 833013808 1 833013808 686011358 833013807 
10 5831096274 4802079272 5831096275 1 5831096275 4802079272 5831096274 
