10 levels of encoding.
IT 
Gates: Error 
Levels  X Y Z S T H SWAP CNOT CZ CP G2 G6 ZENO 
0 0.000000 0.000000 0.000000 0.000000 0.000000 0.000000 0.000000 0.000000 0.000000 -1.000000 0.000000 0.000000 0.000000 
1 0.000000 0.000000 0.000000 0.000000 0.000001 0.000000 0.000001 0.000001 0.000001 -1.000000 0.000001 0.000001 0.000001 
2 -0.000000 -0.000000 -0.000000 -0.000000 0.997619 0.000000 0.004954 0.064646 0.064646 -1.000000 0.064646 0.064646 0.069280 
3 -0.000000 -0.000000 -0.000000 0.000000 1.000000 -0.000000 1.000000 1.000000 1.000000 -1.000000 1.000000 1.000000 1.000000 
4 -0.000000 -0.000000 -0.000000 -0.000000 1.000000 -0.000000 1.000000 1.000000 1.000000 -1.000000 1.000000 1.000000 1.000000 
5 0.000000 0.000000 0.000000 -0.000000 1.000000 0.000000 1.000000 1.000000 1.000000 -1.000000 1.000000 1.000000 1.000000 
6 0.000000 0.000000 0.000000 -0.000000 1.000000 0.000000 1.000000 1.000000 1.000000 -1.000000 1.000000 1.000000 1.000000 
7 -0.000000 -0.000000 -0.000000 -0.000000 1.000000 -0.000000 1.000000 1.000000 1.000000 -1.000000 1.000000 1.000000 1.000000 
8 0.000000 0.000000 0.000000 0.000000 1.000000 -0.000000 1.000000 1.000000 1.000000 -1.000000 1.000000 1.000000 1.000000 
9 0.000000 0.000000 0.000000 -0.000000 1.000000 0.000000 1.000000 1.000000 1.000000 -1.000000 1.000000 1.000000 1.000000 
10 0.000000 0.000000 0.000000 -0.000000 1.000000 -0.000000 1.000000 1.000000 1.000000 -1.000000 1.000000 1.000000 1.000000 

Gates: Time in ns 
Levels  X Y Z S T H SWAP CNOT CZ G2 G6 ZENO 
0 5000 5000 3000 2000 1000 6000 10000 120000 110000 -1 107000 123000 0 
1 5000 5000 3000 5000 327000 6000 90000 220000 212000 -1 544000 544000 554000 
2 5000 5000 3000 8000 1230000 6000 810000 1120000 952000 -1 2124000 2124000 2214000 
3 5000 5000 3000 11000 9333000 6000 7290000 9220000 7612000 -1 16344000 16344000 17154000 
4 5000 5000 3000 14000 82236000 6000 65610000 82120000 67552000 -1 144324000 144324000 151614000 
5 5000 5000 3000 17000 738339000 6000 590490000 738220000 607012000 -1 1296144000 1296144000 1361754000 
6 5000 5000 3000 20000 6643242000 6000 5314410000 6643120000 5462152000 -1 11662524000 11662524000 12253014000 
7 5000 5000 3000 23000 59787345000 6000 47829690000 59787220000 49158412000 -1 104959944000 104959944000 110274354000 
8 5000 5000 3000 26000 538084248000 6000 430467210000 538084120000 442424752000 -1 944636724000 944636724000 992466414000 
9 5000 5000 3000 29000 4842756351000 6000 3874204890000 4842756220000 3981821812000 -1 8501727744000 8501727744000 8932194954000 
10 5000 5000 3000 32000 43584805254000 6000 34867844010000 43584805120000 35836395352000 -1 76515546924000 76515546924000 80389751814000 

Rx: Error
Levels 0 1 2 3 4 5 6 7 
0 0.000000 0.000000 0.000000 0.000000 0.000000 0.000000 0.000000 
1 0.000001 0.000000 0.000001 0.000000 0.000001 0.000000 0.000001 
2 0.997619 -0.000000 0.997619 0.000000 0.997619 -0.000000 0.997619 
3 1.000000 -0.000000 1.000000 -0.000000 1.000000 -0.000000 1.000000 
4 1.000000 -0.000000 1.000000 -0.000000 1.000000 -0.000000 1.000000 
5 1.000000 0.000000 1.000000 -0.000000 1.000000 0.000000 1.000000 
6 1.000000 -0.000000 1.000000 0.000000 1.000000 -0.000000 1.000000 
7 1.000000 -0.000000 1.000000 0.000000 1.000000 -0.000000 1.000000 
8 1.000000 0.000000 1.000000 -0.000000 1.000000 0.000000 1.000000 
9 1.000000 -0.000000 1.000000 0.000000 1.000000 -0.000000 1.000000 
10 1.000000 -0.000000 1.000000 0.000000 1.000000 -0.000000 1.000000 

Rx: Time
Levels 0 1 2 3 4 5 6 7 
0 5000 5000 5000 5000 5000 5000 5000 
1 339000 17000 342000 5000 342000 17000 339000 
2 1242000 20000 1245000 5000 1245000 20000 1242000 
3 9345000 23000 9348000 5000 9348000 23000 9345000 
4 82248000 26000 82251000 5000 82251000 26000 82248000 
5 738351000 29000 738354000 5000 738354000 29000 738351000 
6 6643254000 32000 6643257000 5000 6643257000 32000 6643254000 
7 59787357000 35000 59787360000 5000 59787360000 35000 59787357000 
8 538084260000 38000 538084263000 5000 538084263000 38000 538084260000 
9 4842756363000 41000 4842756366000 5000 4842756366000 41000 4842756363000 
10 43584805266000 44000 43584805269000 5000 43584805269000 44000 43584805266000 

Ry: Error
Levels 0 1 2 3 4 5 6 7 
0 0.000000 0.000000 0.000000 0.000000 0.000000 0.000000 0.000000 
1 0.000001 0.000000 0.000001 0.000000 0.000001 0.000000 0.000001 
2 0.997619 -0.000000 0.997619 -0.000000 0.997619 -0.000000 0.997619 
3 1.000000 -0.000000 1.000000 -0.000000 1.000000 -0.000000 1.000000 
4 1.000000 -0.000000 1.000000 -0.000000 1.000000 -0.000000 1.000000 
5 1.000000 0.000000 1.000000 0.000000 1.000000 0.000000 1.000000 
6 1.000000 0.000000 1.000000 0.000000 1.000000 0.000000 1.000000 
7 1.000000 -0.000000 1.000000 -0.000000 1.000000 -0.000000 1.000000 
8 1.000000 0.000000 1.000000 0.000000 1.000000 0.000000 1.000000 
9 1.000000 0.000000 1.000000 0.000000 1.000000 0.000000 1.000000 
10 1.000000 0.000000 1.000000 0.000000 1.000000 0.000000 1.000000 

Ry: Time
Levels 0 1 2 3 4 5 6 7 
0 5000 5000 5000 5000 5000 5000 5000 
1 349000 9000 352000 8000 352000 9000 349000 
2 1258000 9000 1261000 8000 1261000 9000 1258000 
3 9367000 9000 9370000 8000 9370000 9000 9367000 
4 82276000 9000 82279000 8000 82279000 9000 82276000 
5 738385000 9000 738388000 8000 738388000 9000 738385000 
6 6643294000 9000 6643297000 8000 6643297000 9000 6643294000 
7 59787403000 9000 59787406000 8000 59787406000 9000 59787403000 
8 538084312000 9000 538084315000 8000 538084315000 9000 538084312000 
9 4842756421000 9000 4842756424000 8000 4842756424000 9000 4842756421000 
10 43584805330000 9000 43584805333000 8000 43584805333000 9000 43584805330000 

Rz: Error
Levels 0 1 2 3 4 5 6 7 
0 0.000000 0.000000 0.000000 0.000000 0.000000 0.000000 0.000000 
1 0.000001 0.000000 0.000001 0.000000 0.000001 0.000000 0.000001 
2 0.997619 -0.000000 0.997619 -0.000000 0.997619 -0.000000 0.997619 
3 1.000000 0.000000 1.000000 -0.000000 1.000000 0.000000 1.000000 
4 1.000000 -0.000000 1.000000 -0.000000 1.000000 -0.000000 1.000000 
5 1.000000 -0.000000 1.000000 0.000000 1.000000 -0.000000 1.000000 
6 1.000000 -0.000000 1.000000 0.000000 1.000000 -0.000000 1.000000 
7 1.000000 -0.000000 1.000000 -0.000000 1.000000 -0.000000 1.000000 
8 1.000000 0.000000 1.000000 0.000000 1.000000 0.000000 1.000000 
9 1.000000 -0.000000 1.000000 0.000000 1.000000 -0.000000 1.000000 
10 1.000000 -0.000000 1.000000 0.000000 1.000000 -0.000000 1.000000 

Rz: Time
Levels 0 1 2 3 4 5 6 7 
0 3000 3000 3000 3000 3000 3000 3000 
1 327000 5000 330000 3000 330000 5000 327000 
2 1230000 8000 1233000 3000 1233000 8000 1230000 
3 9333000 11000 9336000 3000 9336000 11000 9333000 
4 82236000 14000 82239000 3000 82239000 14000 82236000 
5 738339000 17000 738342000 3000 738342000 17000 738339000 
6 6643242000 20000 6643245000 3000 6643245000 20000 6643242000 
7 59787345000 23000 59787348000 3000 59787348000 23000 59787345000 
8 538084248000 26000 538084251000 3000 538084251000 26000 538084248000 
9 4842756351000 29000 4842756354000 3000 4842756354000 29000 4842756351000 
10 43584805254000 32000 43584805257000 3000 43584805257000 32000 43584805254000 
