10 levels of encoding.
LP 
Gates: Error 
Levels  X Y Z S T H SWAP CNOT CZ CP G2 G6 ZENO 
0 0.101000 0.101000 0.101000 0.101000 0.101000 0.101000 0.101000 0.101000 0.101000 0.412783 0.273427 0.273427 0.346811 
1 0.152180 0.152180 0.152180 0.420502 0.995844 0.152180 0.884677 0.979405 0.982539 -1.000000 0.994136 0.994136 0.999324 
2 0.289515 0.289515 0.289515 0.949308 1.000000 0.289515 1.000000 1.000000 1.000000 -1.000000 1.000000 1.000000 1.000000 
3 0.647937 0.647937 0.647937 1.000000 1.000000 0.647937 1.000000 1.000000 1.000000 -1.000000 1.000000 1.000000 1.000000 
4 0.990693 0.990693 0.990693 1.000000 1.000000 0.990693 1.000000 1.000000 1.000000 -1.000000 1.000000 1.000000 1.000000 
5 1.000000 1.000000 1.000000 1.000000 1.000000 1.000000 1.000000 1.000000 1.000000 -1.000000 1.000000 1.000000 1.000000 
6 1.000000 1.000000 1.000000 1.000000 1.000000 1.000000 1.000000 1.000000 1.000000 -1.000000 1.000000 1.000000 1.000000 
7 1.000000 1.000000 1.000000 1.000000 1.000000 1.000000 1.000000 1.000000 1.000000 -1.000000 1.000000 1.000000 1.000000 
8 1.000000 1.000000 1.000000 1.000000 1.000000 1.000000 1.000000 1.000000 1.000000 -1.000000 1.000000 1.000000 1.000000 
9 1.000000 1.000000 1.000000 1.000000 1.000000 1.000000 1.000000 1.000000 1.000000 -1.000000 1.000000 1.000000 1.000000 
10 1.000000 1.000000 1.000000 1.000000 1.000000 1.000000 1.000000 1.000000 1.000000 -1.000000 1.000000 1.000000 1.000000 

Gates: Time in ns 
Levels  X Y Z S T H SWAP CNOT CZ G2 G6 ZENO 
0 1 1 1 1 1 1 10 10 10 -1 21 21 0 
1 1 1 1 2 113 1 90 110 92 -1 194 194 204 
2 1 1 1 3 1014 1 810 1010 832 -1 1774 1774 1864 
3 1 1 1 4 9115 1 7290 9110 7492 -1 15994 15994 16804 
4 1 1 1 5 82016 1 65610 82010 67432 -1 143974 143974 151264 
5 1 1 1 6 738117 1 590490 738110 606892 -1 1295794 1295794 1361404 
6 1 1 1 7 6643018 1 5314410 6643010 5462032 -1 11662174 11662174 12252664 
7 1 1 1 8 59787119 1 47829690 59787110 49158292 -1 104959594 104959594 110274004 
8 1 1 1 9 538084020 1 430467210 538084010 442424632 -1 944636374 944636374 992466064 
9 1 1 1 10 4842756121 1 3874204890 4842756110 3981821692 -1 8501727394 8501727394 8932194604 
10 1 1 1 11 43584805022 1 34867844010 43584805010 35836395232 -1 76515546574 76515546574 80389751464 

Rx: Error
Levels 0 1 2 3 4 5 6 7 
0 0.101000 0.101000 0.101000 0.101000 0.101000 0.101000 0.101000 
1 0.996477 0.508690 0.997013 0.101000 0.997013 0.508690 0.996477 
2 1.000000 0.963984 1.000000 0.152180 1.000000 0.963984 1.000000 
3 1.000000 1.000000 1.000000 0.289515 1.000000 1.000000 1.000000 
4 1.000000 1.000000 1.000000 0.647937 1.000000 1.000000 1.000000 
5 1.000000 1.000000 1.000000 0.990693 1.000000 1.000000 1.000000 
6 1.000000 1.000000 1.000000 1.000000 1.000000 1.000000 1.000000 
7 1.000000 1.000000 1.000000 1.000000 1.000000 1.000000 1.000000 
8 1.000000 1.000000 1.000000 1.000000 1.000000 1.000000 1.000000 
9 1.000000 1.000000 1.000000 1.000000 1.000000 1.000000 1.000000 
10 1.000000 1.000000 1.000000 1.000000 1.000000 1.000000 1.000000 

Rx: Time
Levels 0 1 2 3 4 5 6 7 
0 1 1 1 1 1 1 1 
1 115 4 116 1 116 4 115 
2 1016 5 1017 1 1017 5 1016 
3 9117 6 9118 1 9118 6 9117 
4 82018 7 82019 1 82019 7 82018 
5 738119 8 738120 1 738120 8 738119 
6 6643020 9 6643021 1 6643021 9 6643020 
7 59787121 10 59787122 1 59787122 10 59787121 
8 538084022 11 538084023 1 538084023 11 538084022 
9 4842756123 12 4842756124 1 4842756124 12 4842756123 
10 43584805024 13 43584805025 1 43584805025 13 43584805024 

Ry: Error
Levels 0 1 2 3 4 5 6 7 
0 0.101000 0.101000 0.101000 0.101000 0.101000 0.101000 0.101000 
1 0.997958 0.281201 0.998269 0.281201 0.998269 0.281201 0.997958 
2 1.000000 0.495210 1.000000 0.495210 1.000000 0.495210 1.000000 
3 1.000000 0.876052 1.000000 0.876052 1.000000 0.876052 1.000000 
4 1.000000 0.999913 1.000000 0.999913 1.000000 0.999913 1.000000 
5 1.000000 1.000000 1.000000 1.000000 1.000000 1.000000 1.000000 
6 1.000000 1.000000 1.000000 1.000000 1.000000 1.000000 1.000000 
7 1.000000 1.000000 1.000000 1.000000 1.000000 1.000000 1.000000 
8 1.000000 1.000000 1.000000 1.000000 1.000000 1.000000 1.000000 
9 1.000000 1.000000 1.000000 1.000000 1.000000 1.000000 1.000000 
10 1.000000 1.000000 1.000000 1.000000 1.000000 1.000000 1.000000 

Ry: Time
Levels 0 1 2 3 4 5 6 7 
0 1 1 1 1 1 1 1 
1 119 2 120 2 120 2 119 
2 1022 2 1023 2 1023 2 1022 
3 9125 2 9126 2 9126 2 9125 
4 82028 2 82029 2 82029 2 82028 
5 738131 2 738132 2 738132 2 738131 
6 6643034 2 6643035 2 6643035 2 6643034 
7 59787137 2 59787138 2 59787138 2 59787137 
8 538084040 2 538084041 2 538084041 2 538084040 
9 4842756143 2 4842756144 2 4842756144 2 4842756143 
10 43584805046 2 43584805047 2 43584805047 2 43584805046 

Rz: Error
Levels 0 1 2 3 4 5 6 7 
0 0.101000 0.101000 0.101000 0.101000 0.101000 0.101000 0.101000 
1 0.995844 0.420502 0.996477 0.152180 0.996477 0.420502 0.995844 
2 1.000000 0.949308 1.000000 0.289515 1.000000 0.949308 1.000000 
3 1.000000 1.000000 1.000000 0.647937 1.000000 1.000000 1.000000 
4 1.000000 1.000000 1.000000 0.990693 1.000000 1.000000 1.000000 
5 1.000000 1.000000 1.000000 1.000000 1.000000 1.000000 1.000000 
6 1.000000 1.000000 1.000000 1.000000 1.000000 1.000000 1.000000 
7 1.000000 1.000000 1.000000 1.000000 1.000000 1.000000 1.000000 
8 1.000000 1.000000 1.000000 1.000000 1.000000 1.000000 1.000000 
9 1.000000 1.000000 1.000000 1.000000 1.000000 1.000000 1.000000 
10 1.000000 1.000000 1.000000 1.000000 1.000000 1.000000 1.000000 

Rz: Time
Levels 0 1 2 3 4 5 6 7 
0 1 1 1 1 1 1 1 
1 113 2 114 1 114 2 113 
2 1014 3 1015 1 1015 3 1014 
3 9115 4 9116 1 9116 4 9115 
4 82016 5 82017 1 82017 5 82016 
5 738117 6 738118 1 738118 6 738117 
6 6643018 7 6643019 1 6643019 7 6643018 
7 59787119 8 59787120 1 59787120 8 59787119 
8 538084020 9 538084021 1 538084021 9 538084020 
9 4842756121 10 4842756122 1 4842756122 10 4842756121 
10 43584805022 11 43584805023 1 43584805023 11 43584805022 
