10 levels of encoding.
NA 
Gates: Error 
Levels  X Y Z S T H SWAP CNOT CZ CP G2 G6 ZENO 
0 0.008120 0.008120 0.008120 0.008120 0.008120 0.024163 0.070751 0.024163 0.008120 -1.000000 0.039946 0.039946 0.093204 
1 0.001348 0.001348 0.001348 0.005623 0.885034 0.011308 0.761208 0.886750 0.888031 -1.000000 0.889287 0.889287 0.973562 
2 0.000038 0.000038 0.000038 0.001046 1.000000 0.002586 1.000000 1.000000 1.000000 -1.000000 1.000000 1.000000 1.000000 
3 0.000000 0.000000 0.000000 0.000025 1.000000 0.000139 1.000000 1.000000 1.000000 -1.000000 1.000000 1.000000 1.000000 
4 0.000000 0.000000 0.000000 0.000000 1.000000 0.000000 1.000000 1.000000 1.000000 -1.000000 1.000000 1.000000 1.000000 
5 0.000000 0.000000 0.000000 0.000000 1.000000 0.000000 1.000000 1.000000 1.000000 -1.000000 1.000000 1.000000 1.000000 
6 0.000000 0.000000 0.000000 -0.000000 1.000000 -0.000000 1.000000 1.000000 1.000000 -1.000000 1.000000 1.000000 1.000000 
7 0.000000 0.000000 0.000000 0.000000 1.000000 0.000000 1.000000 1.000000 1.000000 -1.000000 1.000000 1.000000 1.000000 
8 -0.000000 -0.000000 -0.000000 -0.000000 1.000000 -0.000000 1.000000 1.000000 1.000000 -1.000000 1.000000 1.000000 1.000000 
9 0.000000 0.000000 0.000000 0.000000 1.000000 -0.000000 1.000000 1.000000 1.000000 -1.000000 1.000000 1.000000 1.000000 
10 -0.000000 -0.000000 -0.000000 -0.000000 1.000000 0.000000 1.000000 1.000000 1.000000 -1.000000 1.000000 1.000000 1.000000 

Gates: Time in ns 
Levels  X Y Z S T H SWAP CNOT CZ G2 G6 ZENO 
0 457 457 915 915 915 781 7599 2533 1619 -1 4609 10133 0 
1 457 457 915 1830 159895 781 68391 78523 64887 -1 132307 132307 139906 
2 457 457 915 2745 844720 781 615519 762433 627213 -1 1332949 1332949 1401340 
3 457 457 915 3660 7000825 781 5539671 6917623 5688147 -1 12138727 12138727 12754246 
4 457 457 915 4575 62398450 781 49857039 62314333 51236553 -1 109390729 109390729 114930400 
5 457 457 915 5490 560969755 781 448713351 560884723 461172207 -1 984658747 984658747 1034515786 
6 457 457 915 6405 5048104180 781 4038420159 5048018233 4150593093 -1 8862070909 8862070909 9310784260 
7 457 457 915 7320 45432306685 781 36345781431 45432219823 37355381067 -1 79758780367 79758780367 83797200526 
8 457 457 915 8235 408890121910 781 327112032879 408890034133 336198472833 -1 717829165489 717829165489 754174946920 
9 457 457 915 9150 3680010451615 781 2944008295911 3680010362923 3025786298727 -1 6460462631587 6460462631587 6787574664466 
10 457 457 915 10065 33120093411640 781 26496074663199 33120093322033 27232076731773 -1 58144163826469 58144163826469 61088172122380 

Rx: Error
Levels 0 1 2 3 4 5 6 7 
0 0.008120 0.008120 0.008120 0.008120 0.008120 0.008120 0.008120 
1 0.886334 0.016868 0.886487 0.008120 0.886487 0.016868 0.886334 
2 1.000000 0.003629 1.000000 0.001348 1.000000 0.003629 1.000000 
3 1.000000 0.000164 1.000000 0.000038 1.000000 0.000164 1.000000 
4 1.000000 0.000000 1.000000 0.000000 1.000000 0.000000 1.000000 
5 1.000000 0.000000 1.000000 0.000000 1.000000 0.000000 1.000000 
6 1.000000 -0.000000 1.000000 0.000000 1.000000 -0.000000 1.000000 
7 1.000000 0.000000 1.000000 0.000000 1.000000 0.000000 1.000000 
8 1.000000 -0.000000 1.000000 0.000000 1.000000 -0.000000 1.000000 
9 1.000000 0.000000 1.000000 -0.000000 1.000000 0.000000 1.000000 
10 1.000000 0.000000 1.000000 0.000000 1.000000 0.000000 1.000000 

Rx: Time
Levels 0 1 2 3 4 5 6 7 
0 457 457 457 457 457 457 457 
1 161457 3392 162372 457 162372 3392 161457 
2 846282 4307 847197 457 847197 4307 846282 
3 7002387 5222 7003302 457 7003302 5222 7002387 
4 62400012 6137 62400927 457 62400927 6137 62400012 
5 560971317 7052 560972232 457 560972232 7052 560971317 
6 5048105742 7967 5048106657 457 5048106657 7967 5048105742 
7 45432308247 8882 45432309162 457 45432309162 8882 45432308247 
8 408890123472 9797 408890124387 457 408890124387 9797 408890123472 
9 3680010453177 10712 3680010454092 457 3680010454092 10712 3680010453177 
10 33120093413202 11627 33120093414117 457 33120093414117 11627 33120093413202 

Ry: Error
Levels 0 1 2 3 4 5 6 7 
0 0.008120 0.008120 0.008120 0.008120 0.008120 0.008120 0.008120 
1 0.886973 0.012641 0.887125 0.002693 0.887125 0.012641 0.886973 
2 1.000000 0.002624 1.000000 0.000076 1.000000 0.002624 1.000000 
3 1.000000 0.000139 1.000000 0.000000 1.000000 0.000139 1.000000 
4 1.000000 0.000000 1.000000 0.000000 1.000000 0.000000 1.000000 
5 1.000000 0.000000 1.000000 0.000000 1.000000 0.000000 1.000000 
6 1.000000 -0.000000 1.000000 0.000000 1.000000 -0.000000 1.000000 
7 1.000000 0.000000 1.000000 0.000000 1.000000 0.000000 1.000000 
8 1.000000 -0.000000 1.000000 -0.000000 1.000000 -0.000000 1.000000 
9 1.000000 0.000000 1.000000 0.000000 1.000000 0.000000 1.000000 
10 1.000000 0.000000 1.000000 -0.000000 1.000000 0.000000 1.000000 

Ry: Time
Levels 0 1 2 3 4 5 6 7 
0 457 457 457 457 457 457 457 
1 165117 1696 166032 1372 166032 1696 165117 
2 851772 1696 852687 1372 852687 1696 851772 
3 7009707 1696 7010622 1372 7010622 1696 7009707 
4 62409162 1696 62410077 1372 62410077 1696 62409162 
5 560982297 1696 560983212 1372 560983212 1696 560982297 
6 5048118552 1696 5048119467 1372 5048119467 1696 5048118552 
7 45432322887 1696 45432323802 1372 45432323802 1696 45432322887 
8 408890139942 1696 408890140857 1372 408890140857 1696 408890139942 
9 3680010471477 1696 3680010472392 1372 3680010472392 1696 3680010471477 
10 33120093433332 1696 33120093434247 1372 33120093434247 1696 33120093433332 

Rz: Error
Levels 0 1 2 3 4 5 6 7 
0 0.008120 0.008120 0.008120 0.008120 0.008120 0.008120 0.008120 
1 0.885034 0.005623 0.885189 0.001348 0.885189 0.005623 0.885034 
2 1.000000 0.001046 1.000000 0.000038 1.000000 0.001046 1.000000 
3 1.000000 0.000025 1.000000 0.000000 1.000000 0.000025 1.000000 
4 1.000000 0.000000 1.000000 0.000000 1.000000 0.000000 1.000000 
5 1.000000 0.000000 1.000000 0.000000 1.000000 0.000000 1.000000 
6 1.000000 -0.000000 1.000000 0.000000 1.000000 -0.000000 1.000000 
7 1.000000 0.000000 1.000000 0.000000 1.000000 0.000000 1.000000 
8 1.000000 -0.000000 1.000000 -0.000000 1.000000 -0.000000 1.000000 
9 1.000000 0.000000 1.000000 0.000000 1.000000 0.000000 1.000000 
10 1.000000 -0.000000 1.000000 -0.000000 1.000000 -0.000000 1.000000 

Rz: Time
Levels 0 1 2 3 4 5 6 7 
0 915 915 915 915 915 915 915 
1 159895 1830 160810 915 160810 1830 159895 
2 844720 2745 845635 915 845635 2745 844720 
3 7000825 3660 7001740 915 7001740 3660 7000825 
4 62398450 4575 62399365 915 62399365 4575 62398450 
5 560969755 5490 560970670 915 560970670 5490 560969755 
6 5048104180 6405 5048105095 915 5048105095 6405 5048104180 
7 45432306685 7320 45432307600 915 45432307600 7320 45432306685 
8 408890121910 8235 408890122825 915 408890122825 8235 408890121910 
9 3680010451615 9150 3680010452530 915 3680010452530 9150 3680010451615 
10 33120093411640 10065 33120093412555 915 33120093412555 10065 33120093411640 
