10 levels of encoding.
LP 
Gates: Error 
Levels  X Y Z S T H SWAP CNOT CZ CP G2 G6 ZENO 
0 0.005200 0.005200 0.005200 0.005200 0.005200 0.005200 0.005200 0.005200 0.005200 0.025731 0.015519 0.015519 0.020638 
1 0.000558 0.000558 0.000558 0.002360 0.161592 0.000558 0.091366 0.103745 0.104245 -1.000000 0.108469 0.108469 0.189924 
2 0.000007 0.000007 0.000007 0.000186 1.000000 0.000007 1.000000 1.000000 1.000000 -1.000000 1.000000 1.000000 1.000000 
3 0.000000 0.000000 0.000000 0.000001 1.000000 0.000000 1.000000 1.000000 1.000000 -1.000000 1.000000 1.000000 1.000000 
4 0.000000 0.000000 0.000000 0.000000 1.000000 0.000000 1.000000 1.000000 1.000000 -1.000000 1.000000 1.000000 1.000000 
5 -0.000000 -0.000000 -0.000000 -0.000000 1.000000 -0.000000 1.000000 1.000000 1.000000 -1.000000 1.000000 1.000000 1.000000 
6 -0.000000 -0.000000 -0.000000 0.000000 1.000000 -0.000000 1.000000 1.000000 1.000000 -1.000000 1.000000 1.000000 1.000000 
7 0.000000 0.000000 0.000000 0.000000 1.000000 0.000000 1.000000 1.000000 1.000000 -1.000000 1.000000 1.000000 1.000000 
8 0.000000 0.000000 0.000000 0.000000 1.000000 0.000000 1.000000 1.000000 1.000000 -1.000000 1.000000 1.000000 1.000000 
9 0.000000 0.000000 0.000000 -0.000000 1.000000 0.000000 1.000000 1.000000 1.000000 -1.000000 1.000000 1.000000 1.000000 
10 0.000000 0.000000 0.000000 0.000000 1.000000 0.000000 1.000000 1.000000 1.000000 -1.000000 1.000000 1.000000 1.000000 

Gates: Time in ns 
Levels  X Y Z S T H SWAP CNOT CZ G2 G6 ZENO 
0 1 1 1 1 1 1 36 12 10 -1 21 21 0 
1 1 1 1 2 424 1 324 372 302 -1 616 616 652 
2 1 1 1 3 3665 1 2916 3612 2966 -1 6304 6304 6628 
3 1 1 1 4 32826 1 26244 32772 26942 -1 57496 57496 60412 
4 1 1 1 5 295267 1 236196 295212 242726 -1 518224 518224 544468 
5 1 1 1 6 2657228 1 2125764 2657172 2184782 -1 4664776 4664776 4900972 
6 1 1 1 7 23914869 1 19131876 23914812 19663286 -1 41983744 41983744 44109508 
7 1 1 1 8 215233630 1 172186884 215233572 176969822 -1 377854456 377854456 396986332 
8 1 1 1 9 1937102471 1 1549681956 1937102412 1592728646 -1 3400690864 3400690864 3572877748 
9 1 1 1 10 17433922032 1 13947137604 17433921972 14334558062 -1 30606218536 30606218536 32155900492 
10 1 1 1 11 156905298073 1 125524238436 156905298012 129011022806 -1 275455967584 275455967584 289403105188 

Rx: Error
Levels 0 1 2 3 4 5 6 7 
0 0.005200 0.005200 0.005200 0.005200 0.005200 0.005200 0.005200 
1 0.162060 0.002917 0.162528 0.005200 0.162528 0.002917 0.162060 
2 1.000000 0.000193 1.000000 0.000558 1.000000 0.000193 1.000000 
3 1.000000 0.000001 1.000000 0.000007 1.000000 0.000001 1.000000 
4 1.000000 0.000000 1.000000 0.000000 1.000000 0.000000 1.000000 
5 1.000000 -0.000000 1.000000 0.000000 1.000000 -0.000000 1.000000 
6 1.000000 -0.000000 1.000000 -0.000000 1.000000 -0.000000 1.000000 
7 1.000000 0.000000 1.000000 -0.000000 1.000000 0.000000 1.000000 
8 1.000000 0.000000 1.000000 0.000000 1.000000 0.000000 1.000000 
9 1.000000 0.000000 1.000000 0.000000 1.000000 0.000000 1.000000 
10 1.000000 0.000000 1.000000 0.000000 1.000000 0.000000 1.000000 

Rx: Time
Levels 0 1 2 3 4 5 6 7 
0 1 1 1 1 1 1 1 
1 426 4 427 1 427 4 426 
2 3667 5 3668 1 3668 5 3667 
3 32828 6 32829 1 32829 6 32828 
4 295269 7 295270 1 295270 7 295269 
5 2657230 8 2657231 1 2657231 8 2657230 
6 23914871 9 23914872 1 23914872 9 23914871 
7 215233632 10 215233633 1 215233633 10 215233632 
8 1937102473 11 1937102474 1 1937102474 11 1937102473 
9 17433922034 12 17433922035 1 17433922035 12 17433922034 
10 156905298075 13 156905298076 1 156905298076 13 156905298075 

Ry: Error
Levels 0 1 2 3 4 5 6 7 
0 0.005200 0.005200 0.005200 0.005200 0.005200 0.005200 0.005200 
1 0.164038 0.001116 0.164504 0.001116 0.164504 0.001116 0.164038 
2 1.000000 0.000013 1.000000 0.000013 1.000000 0.000013 1.000000 
3 1.000000 0.000000 1.000000 0.000000 1.000000 0.000000 1.000000 
4 1.000000 0.000000 1.000000 0.000000 1.000000 0.000000 1.000000 
5 1.000000 -0.000000 1.000000 -0.000000 1.000000 -0.000000 1.000000 
6 1.000000 -0.000000 1.000000 -0.000000 1.000000 -0.000000 1.000000 
7 1.000000 0.000000 1.000000 0.000000 1.000000 0.000000 1.000000 
8 1.000000 0.000000 1.000000 0.000000 1.000000 0.000000 1.000000 
9 1.000000 0.000000 1.000000 0.000000 1.000000 0.000000 1.000000 
10 1.000000 0.000000 1.000000 0.000000 1.000000 0.000000 1.000000 

Ry: Time
Levels 0 1 2 3 4 5 6 7 
0 1 1 1 1 1 1 1 
1 430 2 431 2 431 2 430 
2 3673 2 3674 2 3674 2 3673 
3 32836 2 32837 2 32837 2 32836 
4 295279 2 295280 2 295280 2 295279 
5 2657242 2 2657243 2 2657243 2 2657242 
6 23914885 2 23914886 2 23914886 2 23914885 
7 215233648 2 215233649 2 215233649 2 215233648 
8 1937102491 2 1937102492 2 1937102492 2 1937102491 
9 17433922054 2 17433922055 2 17433922055 2 17433922054 
10 156905298097 2 156905298098 2 156905298098 2 156905298097 

Rz: Error
Levels 0 1 2 3 4 5 6 7 
0 0.005200 0.005200 0.005200 0.005200 0.005200 0.005200 0.005200 
1 0.161592 0.002360 0.162060 0.000558 0.162060 0.002360 0.161592 
2 1.000000 0.000186 1.000000 0.000007 1.000000 0.000186 1.000000 
3 1.000000 0.000001 1.000000 0.000000 1.000000 0.000001 1.000000 
4 1.000000 0.000000 1.000000 0.000000 1.000000 0.000000 1.000000 
5 1.000000 -0.000000 1.000000 -0.000000 1.000000 -0.000000 1.000000 
6 1.000000 0.000000 1.000000 -0.000000 1.000000 0.000000 1.000000 
7 1.000000 0.000000 1.000000 0.000000 1.000000 0.000000 1.000000 
8 1.000000 0.000000 1.000000 0.000000 1.000000 0.000000 1.000000 
9 1.000000 -0.000000 1.000000 0.000000 1.000000 -0.000000 1.000000 
10 1.000000 0.000000 1.000000 0.000000 1.000000 0.000000 1.000000 

Rz: Time
Levels 0 1 2 3 4 5 6 7 
0 1 1 1 1 1 1 1 
1 424 2 425 1 425 2 424 
2 3665 3 3666 1 3666 3 3665 
3 32826 4 32827 1 32827 4 32826 
4 295267 5 295268 1 295268 5 295267 
5 2657228 6 2657229 1 2657229 6 2657228 
6 23914869 7 23914870 1 23914870 7 23914869 
7 215233630 8 215233631 1 215233631 8 215233630 
8 1937102471 9 1937102472 1 1937102472 9 1937102471 
9 17433922032 10 17433922033 1 17433922033 10 17433922032 
10 156905298073 11 156905298074 1 156905298074 11 156905298073 
