10 levels of encoding.
LP 
Gates: Error 
Levels  X Y Z S T H SWAP CNOT CZ CP G2 G6 ZENO 
0 0.989000 0.989000 0.989000 0.989000 0.989000 0.989000 0.989000 0.989000 0.989000 1.000000 0.999999 0.999999 1.000000 
1 1.000000 1.000000 1.000000 1.000000 1.000000 1.000000 1.000000 1.000000 1.000000 -1.000000 1.000000 1.000000 1.000000 
2 1.000000 1.000000 1.000000 1.000000 1.000000 1.000000 1.000000 1.000000 1.000000 -1.000000 1.000000 1.000000 1.000000 
3 1.000000 1.000000 1.000000 1.000000 1.000000 1.000000 1.000000 1.000000 1.000000 -1.000000 1.000000 1.000000 1.000000 
4 1.000000 1.000000 1.000000 1.000000 1.000000 1.000000 1.000000 1.000000 1.000000 -1.000000 1.000000 1.000000 1.000000 
5 1.000000 1.000000 1.000000 1.000000 1.000000 1.000000 1.000000 1.000000 1.000000 -1.000000 1.000000 1.000000 1.000000 
6 1.000000 1.000000 1.000000 1.000000 1.000000 1.000000 1.000000 1.000000 1.000000 -1.000000 1.000000 1.000000 1.000000 
7 1.000000 1.000000 1.000000 1.000000 1.000000 1.000000 1.000000 1.000000 1.000000 -1.000000 1.000000 1.000000 1.000000 
8 1.000000 1.000000 1.000000 1.000000 1.000000 1.000000 1.000000 1.000000 1.000000 -1.000000 1.000000 1.000000 1.000000 
9 1.000000 1.000000 1.000000 1.000000 1.000000 1.000000 1.000000 1.000000 1.000000 -1.000000 1.000000 1.000000 1.000000 
10 1.000000 1.000000 1.000000 1.000000 1.000000 1.000000 1.000000 1.000000 1.000000 -1.000000 1.000000 1.000000 1.000000 

Gates: Time in ns 
Levels  X Y Z S T H SWAP CNOT CZ G2 G6 ZENO 
0 10 11 1 1 1 12 81 27 10 -1 21 21 0 
1 10 11 1 2 960 12 729 837 699 -1 1425 1425 1506 
2 10 11 1 3 8251 12 6561 8127 6693 -1 14223 14223 14952 
3 10 11 1 4 73862 12 59049 73737 60639 -1 129405 129405 135966 
4 10 11 1 5 664353 12 531441 664227 546153 -1 1166043 1166043 1225092 
5 10 11 1 6 5978764 12 4782969 5978637 4915779 -1 10495785 10495785 11027226 
6 10 11 1 7 53808455 12 43046721 53808327 44242413 -1 94463463 94463463 99246432 
7 10 11 1 8 484275666 12 387420489 484275537 398182119 -1 850172565 850172565 893219286 
8 10 11 1 9 4358480557 12 3486784401 4358480427 3583639473 -1 7651554483 7651554483 8038974972 
9 10 11 1 10 39226324568 12 31381059609 39226324437 32252755659 -1 68863991745 68863991745 72350776146 
10 10 11 1 11 353036920659 12 282429536481 353036920527 290274801333 -1 619775927103 619775927103 651156986712 

Rx: Error
Levels 0 1 2 3 4 5 6 7 
0 0.989000 0.989000 0.989000 0.989000 0.989000 0.989000 0.989000 
1 1.000000 1.000000 1.000000 0.989000 1.000000 1.000000 1.000000 
2 1.000000 1.000000 1.000000 1.000000 1.000000 1.000000 1.000000 
3 1.000000 1.000000 1.000000 1.000000 1.000000 1.000000 1.000000 
4 1.000000 1.000000 1.000000 1.000000 1.000000 1.000000 1.000000 
5 1.000000 1.000000 1.000000 1.000000 1.000000 1.000000 1.000000 
6 1.000000 1.000000 1.000000 1.000000 1.000000 1.000000 1.000000 
7 1.000000 1.000000 1.000000 1.000000 1.000000 1.000000 1.000000 
8 1.000000 1.000000 1.000000 1.000000 1.000000 1.000000 1.000000 
9 1.000000 1.000000 1.000000 1.000000 1.000000 1.000000 1.000000 
10 1.000000 1.000000 1.000000 1.000000 1.000000 1.000000 1.000000 

Rx: Time
Levels 0 1 2 3 4 5 6 7 
0 10 10 10 10 10 10 10 
1 984 26 985 10 985 26 984 
2 8275 27 8276 10 8276 27 8275 
3 73886 28 73887 10 73887 28 73886 
4 664377 29 664378 10 664378 29 664377 
5 5978788 30 5978789 10 5978789 30 5978788 
6 53808479 31 53808480 10 53808480 31 53808479 
7 484275690 32 484275691 10 484275691 32 484275690 
8 4358480581 33 4358480582 10 4358480582 33 4358480581 
9 39226324592 34 39226324593 10 39226324593 34 39226324592 
10 353036920683 35 353036920684 10 353036920684 35 353036920683 

Ry: Error
Levels 0 1 2 3 4 5 6 7 
0 0.989000 0.989000 0.989000 0.989000 0.989000 0.989000 0.989000 
1 1.000000 1.000000 1.000000 1.000000 1.000000 1.000000 1.000000 
2 1.000000 1.000000 1.000000 1.000000 1.000000 1.000000 1.000000 
3 1.000000 1.000000 1.000000 1.000000 1.000000 1.000000 1.000000 
4 1.000000 1.000000 1.000000 1.000000 1.000000 1.000000 1.000000 
5 1.000000 1.000000 1.000000 1.000000 1.000000 1.000000 1.000000 
6 1.000000 1.000000 1.000000 1.000000 1.000000 1.000000 1.000000 
7 1.000000 1.000000 1.000000 1.000000 1.000000 1.000000 1.000000 
8 1.000000 1.000000 1.000000 1.000000 1.000000 1.000000 1.000000 
9 1.000000 1.000000 1.000000 1.000000 1.000000 1.000000 1.000000 
10 1.000000 1.000000 1.000000 1.000000 1.000000 1.000000 1.000000 

Ry: Time
Levels 0 1 2 3 4 5 6 7 
0 11 11 11 11 11 11 11 
1 988 13 989 11 989 13 988 
2 8281 13 8282 11 8282 13 8281 
3 73894 13 73895 11 73895 13 73894 
4 664387 13 664388 11 664388 13 664387 
5 5978800 13 5978801 11 5978801 13 5978800 
6 53808493 13 53808494 11 53808494 13 53808493 
7 484275706 13 484275707 11 484275707 13 484275706 
8 4358480599 13 4358480600 11 4358480600 13 4358480599 
9 39226324612 13 39226324613 11 39226324613 13 39226324612 
10 353036920705 13 353036920706 11 353036920706 13 353036920705 

Rz: Error
Levels 0 1 2 3 4 5 6 7 
0 0.989000 0.989000 0.989000 0.989000 0.989000 0.989000 0.989000 
1 1.000000 1.000000 1.000000 1.000000 1.000000 1.000000 1.000000 
2 1.000000 1.000000 1.000000 1.000000 1.000000 1.000000 1.000000 
3 1.000000 1.000000 1.000000 1.000000 1.000000 1.000000 1.000000 
4 1.000000 1.000000 1.000000 1.000000 1.000000 1.000000 1.000000 
5 1.000000 1.000000 1.000000 1.000000 1.000000 1.000000 1.000000 
6 1.000000 1.000000 1.000000 1.000000 1.000000 1.000000 1.000000 
7 1.000000 1.000000 1.000000 1.000000 1.000000 1.000000 1.000000 
8 1.000000 1.000000 1.000000 1.000000 1.000000 1.000000 1.000000 
9 1.000000 1.000000 1.000000 1.000000 1.000000 1.000000 1.000000 
10 1.000000 1.000000 1.000000 1.000000 1.000000 1.000000 1.000000 

Rz: Time
Levels 0 1 2 3 4 5 6 7 
0 1 1 1 1 1 1 1 
1 960 2 961 1 961 2 960 
2 8251 3 8252 1 8252 3 8251 
3 73862 4 73863 1 73863 4 73862 
4 664353 5 664354 1 664354 5 664353 
5 5978764 6 5978765 1 5978765 6 5978764 
6 53808455 7 53808456 1 53808456 7 53808455 
7 484275666 8 484275667 1 484275667 8 484275666 
8 4358480557 9 4358480558 1 4358480558 9 4358480557 
9 39226324568 10 39226324569 1 39226324569 10 39226324568 
10 353036920659 11 353036920660 1 353036920660 11 353036920659 
