10 levels of encoding.
SC 
Gates: Error 
Levels  X Y Z S T H SWAP CNOT CZ CP G2 G6 ZENO 
0 0.000010 0.000010 0.000010 0.000010 0.000010 0.000010 0.000010 0.000010 0.000010 0.000050 0.000030 0.000030 0.000040 
1 0.000000 0.000000 0.000000 0.000000 0.000234 0.000000 0.000181 0.000173 0.000173 -1.000000 0.000173 0.000173 0.000354 
2 -0.000000 -0.000000 -0.000000 0.000000 1.000000 -0.000000 0.332139 0.948295 0.948295 -1.000000 0.948295 0.948295 0.965468 
3 -0.000000 -0.000000 -0.000000 -0.000000 1.000000 -0.000000 1.000000 1.000000 1.000000 -1.000000 1.000000 1.000000 1.000000 
4 0.000000 0.000000 0.000000 -0.000000 1.000000 0.000000 1.000000 1.000000 1.000000 -1.000000 1.000000 1.000000 1.000000 
5 0.000000 0.000000 0.000000 0.000000 1.000000 0.000000 1.000000 1.000000 1.000000 -1.000000 1.000000 1.000000 1.000000 
6 0.000000 0.000000 0.000000 0.000000 1.000000 0.000000 1.000000 1.000000 1.000000 -1.000000 1.000000 1.000000 1.000000 
7 -0.000000 -0.000000 -0.000000 -0.000000 1.000000 -0.000000 1.000000 1.000000 1.000000 -1.000000 1.000000 1.000000 1.000000 
8 0.000000 0.000000 0.000000 0.000000 1.000000 0.000000 1.000000 1.000000 1.000000 -1.000000 1.000000 1.000000 1.000000 
9 0.000000 0.000000 0.000000 0.000000 1.000000 0.000000 1.000000 1.000000 1.000000 -1.000000 1.000000 1.000000 1.000000 
10 0.000000 0.000000 0.000000 -0.000000 1.000000 0.000000 1.000000 1.000000 1.000000 -1.000000 1.000000 1.000000 1.000000 

 Gates: Time in ns 
Levels  X Y Z S T H SWAP CNOT CZ G2 G6 ZENO 
0 10 10 1 1 1 6 17 22 10 -1 21 21 0 
1 10 10 1 2 213 6 153 192 170 -1 362 362 379 
2 10 10 1 3 1744 6 1377 1722 1428 -1 3048 3048 3201 
3 10 10 1 4 15515 6 12393 15492 12750 -1 27222 27222 28599 
4 10 10 1 5 139446 6 111537 139422 114648 -1 244788 244788 257181 
5 10 10 1 6 1254817 6 1003833 1254792 1031730 -1 2202882 2202882 2314419 
6 10 10 1 7 11293148 6 9034497 11293122 9285468 -1 19825728 19825728 20829561 
7 10 10 1 8 101638119 6 81310473 101638092 83569110 -1 178431342 178431342 187465839 
8 10 10 1 9 914742850 6 731794257 914742822 752121888 -1 1605881868 1605881868 1687192341 
9 10 10 1 10 8232685421 6 6586148313 8232685392 6769096890 -1 14452936602 14452936602 15184730859 
10 10 10 1 11 74094168552 6 59275334817 74094168522 60921871908 -1 130076429208 130076429208 136662577521 

Rx: Error
Levels 0 1 2 3 4 5 6 7 
0 0.000010 0.000010 0.000010 0.000010 0.000010 0.000010 0.000010 
1 0.000234 0.000000 0.000234 0.000010 0.000234 0.000000 0.000234 
2 1.000000 0.000000 1.000000 0.000000 1.000000 0.000000 1.000000 
3 1.000000 -0.000000 1.000000 -0.000000 1.000000 -0.000000 1.000000 
4 1.000000 -0.000000 1.000000 -0.000000 1.000000 -0.000000 1.000000 
5 1.000000 0.000000 1.000000 0.000000 1.000000 0.000000 1.000000 
6 1.000000 0.000000 1.000000 0.000000 1.000000 0.000000 1.000000 
7 1.000000 -0.000000 1.000000 0.000000 1.000000 -0.000000 1.000000 
8 1.000000 0.000000 1.000000 -0.000000 1.000000 0.000000 1.000000 
9 1.000000 0.000000 1.000000 0.000000 1.000000 0.000000 1.000000 
10 1.000000 0.000000 1.000000 0.000000 1.000000 0.000000 1.000000 

Rx: Time
Levels 0 1 2 3 4 5 6 7 
0 10 10 10 10 10 10 10 
1 225 14 226 10 226 14 225 
2 1756 15 1757 10 1757 15 1756 
3 15527 16 15528 10 15528 16 15527 
4 139458 17 139459 10 139459 17 139458 
5 1254829 18 1254830 10 1254830 18 1254829 
6 11293160 19 11293161 10 11293161 19 11293160 
7 101638131 20 101638132 10 101638132 20 101638131 
8 914742862 21 914742863 10 914742863 21 914742862 
9 8232685433 22 8232685434 10 8232685434 22 8232685433 
10 74094168564 23 74094168565 10 74094168565 23 74094168564 

Ry: Error
Levels 0 1 2 3 4 5 6 7 
0 0.000010 0.000010 0.000010 0.000010 0.000010 0.000010 0.000010 
1 0.000234 0.000000 0.000234 0.000000 0.000234 0.000000 0.000234 
2 1.000000 -0.000000 1.000000 -0.000000 1.000000 -0.000000 1.000000 
3 1.000000 -0.000000 1.000000 -0.000000 1.000000 -0.000000 1.000000 
4 1.000000 0.000000 1.000000 0.000000 1.000000 0.000000 1.000000 
5 1.000000 0.000000 1.000000 0.000000 1.000000 0.000000 1.000000 
6 1.000000 0.000000 1.000000 0.000000 1.000000 0.000000 1.000000 
7 1.000000 -0.000000 1.000000 -0.000000 1.000000 -0.000000 1.000000 
8 1.000000 0.000000 1.000000 0.000000 1.000000 0.000000 1.000000 
9 1.000000 0.000000 1.000000 0.000000 1.000000 0.000000 1.000000 
10 1.000000 0.000000 1.000000 0.000000 1.000000 0.000000 1.000000 

Ry: Time
Levels 0 1 2 3 4 5 6 7 
0 10 10 10 10 10 10 10 
1 229 7 230 11 230 7 229 
2 1762 7 1763 11 1763 7 1762 
3 15535 7 15536 11 15536 7 15535 
4 139468 7 139469 11 139469 7 139468 
5 1254841 7 1254842 11 1254842 7 1254841 
6 11293174 7 11293175 11 11293175 7 11293174 
7 101638147 7 101638148 11 101638148 7 101638147 
8 914742880 7 914742881 11 914742881 7 914742880 
9 8232685453 7 8232685454 11 8232685454 7 8232685453 
10 74094168586 7 74094168587 11 74094168587 7 74094168586 

Rz: Error
Levels 0 1 2 3 4 5 6 7 
0 0.000010 0.000010 0.000010 0.000010 0.000010 0.000010 0.000010 
1 0.000234 0.000000 0.000234 0.000000 0.000234 0.000000 0.000234 
2 1.000000 0.000000 1.000000 -0.000000 1.000000 0.000000 1.000000 
3 1.000000 -0.000000 1.000000 -0.000000 1.000000 -0.000000 1.000000 
4 1.000000 -0.000000 1.000000 0.000000 1.000000 -0.000000 1.000000 
5 1.000000 0.000000 1.000000 0.000000 1.000000 0.000000 1.000000 
6 1.000000 0.000000 1.000000 0.000000 1.000000 0.000000 1.000000 
7 1.000000 -0.000000 1.000000 -0.000000 1.000000 -0.000000 1.000000 
8 1.000000 0.000000 1.000000 0.000000 1.000000 0.000000 1.000000 
9 1.000000 0.000000 1.000000 0.000000 1.000000 0.000000 1.000000 
10 1.000000 -0.000000 1.000000 0.000000 1.000000 -0.000000 1.000000 

Rz: Time
Levels 0 1 2 3 4 5 6 7 
0 1 1 1 1 1 1 1 
1 213 2 214 1 214 2 213 
2 1744 3 1745 1 1745 3 1744 
3 15515 4 15516 1 15516 4 15515 
4 139446 5 139447 1 139447 5 139446 
5 1254817 6 1254818 1 1254818 6 1254817 
6 11293148 7 11293149 1 11293149 7 11293148 
7 101638119 8 101638120 1 101638120 8 101638119 
8 914742850 9 914742851 1 914742851 9 914742850 
9 8232685421 10 8232685422 1 8232685422 10 8232685421 
10 74094168552 11 74094168553 1 74094168553 11 74094168552 
